<?xml version="1.0" encoding="UTF-8"?>
<document version="1.2.0">
  <chunks next_id="1">
    <chunk id="0" label="Chunk 1 (imported)" enabled="true">
      <sensors next_id="1">
        <sensor id="0" label="Photomodeler imported project camera" type="frame">
          <resolution width="5184" height="3456"/>
          <property name="pixel_width" value="0.0043729745370370372"/>
          <property name="pixel_height" value="0.0043729745370370372"/>
          <property name="focal_length" value="20.932400000000001"/>
          <property name="fixed" value="true"/>
          <bands>
            <band label="Red"/>
            <band label="Green"/>
            <band label="Blue"/>
          </bands>
          <calibration type="frame" class="initial">
            <resolution width="5184" height="3456"/>
            <fx>4786.7646661814333</fx>
            <fy>4786.7646661814333</fy>
            <cx>2582.9786806061006</cx>
            <cy>1719.836220472441</cy>
          </calibration>
        </sensor>
      </sensors>
      <cameras next_id="20" next_group_id="0">
        <camera id="0" label="IMG_0369.JPG" sensor_id="0" enabled="true">
          <transform>8.7200036589414609e-04 8.4884406871322238e-01 -5.2864258873623104e-01 1.2931503088677625e+00 -9.9978133685438397e-01 1.1784977200950536e-02 1.7274049613041353e-02 -1.0458881594045893e-01 2.0893015412395965e-02 5.2851193110728834e-01 8.4866873430345147e-01 1.0582757095618698e+00 0.0000000000000000e+00 0.0000000000000000e+00 0.0000000000000000e+00 1.0000000000000000e+00</transform>
          <orientation>1</orientation>
        </camera>
        <camera id="1" label="IMG_0370.JPG" sensor_id="0" enabled="true">
          <transform>-9.0392886203657585e-01 -4.4277763877399786e-03 -4.2765991999896519e-01 1.5208322596939321e+00 -2.0404472298741483e-02 -9.9836124862100628e-01 5.3464705761045464e-02 -1.7441785310105326e-01 -4.2719582147707275e-01 5.7054465628603071e-02 9.0235720092675242e-01 7.8135607172201094e-01 0.0000000000000000e+00 0.0000000000000000e+00 0.0000000000000000e+00 1.0000000000000000e+00</transform>
          <orientation>1</orientation>
        </camera>
        <camera id="2" label="IMG_0371.JPG" sensor_id="0" enabled="true">
          <transform>7.5089817736391684e-01 5.6087604541338310e-01 -3.4866888148068553e-01 9.6798613349381279e-01 -6.5846904729979394e-01 5.9530633924476128e-01 -4.6046593381389572e-01 1.8984835741787582e+00 -5.0699516562286023e-02 5.7535069665069993e-01 8.1633396038870309e-01 9.4010141358033295e-01 0.0000000000000000e+00 0.0000000000000000e+00 0.0000000000000000e+00 1.0000000000000000e+00</transform>
          <orientation>1</orientation>
        </camera>
        <camera id="3" label="IMG_0372.JPG" sensor_id="0" enabled="true">
          <transform>-5.7489744065174286e-01 7.3208727755788416e-01 -3.6543282661791804e-01 1.1884650318653835e+00 -6.2151969241084459e-01 -6.8119463851335338e-01 -3.8689421862595874e-01 2.0225049905827639e+00 -5.3217121744566853e-01 4.6992019053743450e-03 8.4662371383268453e-01 8.3874224847357695e-02 0.0000000000000000e+00 0.0000000000000000e+00 0.0000000000000000e+00 1.0000000000000000e+00</transform>
          <orientation>1</orientation>
        </camera>
        <camera id="4" label="IMG_0373.JPG" sensor_id="0" enabled="true">
          <transform>9.9653282333919557e-01 5.1359727063136483e-02 6.5456171929099319e-02 -9.3312365973722111e-01 -9.7653708673978643e-03 8.5349204408178203e-01 -5.2101436469729279e-01 1.9806723949310137e+00 -8.2625477544361961e-02 5.1856871205762267e-01 8.5103438316877922e-01 1.1220951791672666e+00 0.0000000000000000e+00 0.0000000000000000e+00 0.0000000000000000e+00 1.0000000000000000e+00</transform>
          <orientation>1</orientation>
        </camera>
        <camera id="5" label="IMG_0374.JPG" sensor_id="0" enabled="true">
          <transform>-3.8015815543811809e-02 9.9802185691386669e-01 5.0071657559300958e-02 -9.1532721732875433e-01 -9.0842755877070613e-01 -1.3640672723387343e-02 -4.1781970096388288e-01 2.0983418245031538e+00 -4.1631018271768694e-01 -6.1370230322612102e-02 9.0714912037421669e-01 6.7315116032177424e-01 0.0000000000000000e+00 0.0000000000000000e+00 0.0000000000000000e+00 1.0000000000000000e+00</transform>
          <orientation>1</orientation>
        </camera>
        <camera id="6" label="IMG_0375.JPG" sensor_id="0" enabled="true">
          <transform>6.7982182735841457e-01 -5.4536984478197836e-01 4.9032031922973229e-01 -2.7325382623901184e+00 7.3119839365802641e-01 5.5554106374408962e-01 -3.9588260331316277e-01 1.6603272895078311e+00 -5.6490637799441967e-02 6.2765106460243159e-01 7.7644249558125433e-01 1.2288173183006719e+00 0.0000000000000000e+00 0.0000000000000000e+00 0.0000000000000000e+00 1.0000000000000000e+00</transform>
          <orientation>1</orientation>
        </camera>
        <camera id="7" label="IMG_0376.JPG" sensor_id="0" enabled="true">
          <transform>6.1392198963339306e-01 6.6642246056158505e-01 4.2306133681018249e-01 -2.8434232503186680e+00 -5.4821265116785278e-01 7.4557401527288203e-01 -3.7892252090550993e-01 2.0019362314838589e+00 -5.6794601833632941e-01 7.0129089188561422e-04 8.2306550677755586e-01 3.8525084749313998e-01 0.0000000000000000e+00 0.0000000000000000e+00 0.0000000000000000e+00 1.0000000000000000e+00</transform>
          <orientation>1</orientation>
        </camera>
        <camera id="8" label="IMG_0377.JPG" sensor_id="0" enabled="true">
          <transform>-2.6469290995454003e-02 -7.5381726519190395e-01 6.5655076523662403e-01 -3.1695143928764464e+00 9.9908455630106263e-01 2.1314086803012333e-03 4.2725945954960320e-02 -8.0615345606250902e-02 -3.3606933732589050e-02 6.5708065547209360e-01 7.5307077104974474e-01 1.4111574837047443e+00 0.0000000000000000e+00 0.0000000000000000e+00 0.0000000000000000e+00 1.0000000000000000e+00</transform>
          <orientation>1</orientation>
        </camera>
        <camera id="9" label="IMG_0378.JPG" sensor_id="0" enabled="true">
          <transform>8.5589044958643590e-01 -1.1745773982961160e-02 5.1702376647526538e-01 -3.1535823356813757e+00 9.2269333447897849e-03 9.9992973750296699e-01 7.4420264913671076e-03 -4.2272545585905416e-02 -5.1707485145555021e-01 -1.5990155685909253e-03 8.5593869005988499e-01 9.3411303044026395e-01 0.0000000000000000e+00 0.0000000000000000e+00 0.0000000000000000e+00 1.0000000000000000e+00</transform>
          <orientation>1</orientation>
        </camera>
        <camera id="10" label="IMG_0379.JPG" sensor_id="0" enabled="true">
          <transform>-7.3640170079038281e-01 -5.0167789712301802e-01 4.5390728415752263e-01 -2.6170789459272741e+00 6.7595966794147722e-01 -5.7348366977446374e-01 4.6281206533371794e-01 -1.9022143491545169e+00 2.8125831356235864e-02 6.4763860913339633e-01 7.6142837455027912e-01 1.2122650449268384e+00 0.0000000000000000e+00 0.0000000000000000e+00 0.0000000000000000e+00 1.0000000000000000e+00</transform>
          <orientation>1</orientation>
        </camera>
        <camera id="11" label="IMG_0380.JPG" sensor_id="0" enabled="true">
          <transform>5.4012984499016647e-01 -7.0893482933330743e-01 4.5350982162358200e-01 -2.9294574272021965e+00 5.8004905726770695e-01 7.0403700002818648e-01 4.0972551025553183e-01 -2.0387900780928385e+00 -6.0975637898569235e-01 4.1752968151567399e-02 7.9148837511159376e-01 4.5635458067882689e-01 0.0000000000000000e+00 0.0000000000000000e+00 0.0000000000000000e+00 1.0000000000000000e+00</transform>
          <orientation>1</orientation>
        </camera>
        <camera id="12" label="IMG_0381.JPG" sensor_id="0" enabled="true">
          <transform>-9.9858544376806502e-01 3.7578576967064660e-02 3.7615981280130800e-02 -8.4890706901988988e-01 -8.8916766938431143e-03 -8.1551893368770656e-01 5.7866208350162218e-01 -2.1575561518025226e+00 5.2421842585976708e-02 5.7750906430115589e-01 8.1469947285480404e-01 1.2697963460064046e+00 0.0000000000000000e+00 0.0000000000000000e+00 0.0000000000000000e+00 1.0000000000000000e+00</transform>
          <orientation>1</orientation>
        </camera>
        <camera id="13" label="IMG_0382.JPG" sensor_id="0" enabled="true">
          <transform>-3.9707230772427771e-02 -9.9217775099075767e-01 1.1834967791805465e-01 -1.1270466870659657e+00 8.8215164220360509e-01 2.0819180112362445e-02 4.7050509231774718e-01 -2.2494732721801536e+00 -4.6928862758633727e-01 1.2308481700994298e-01 8.7442456040516214e-01 9.1907168982415344e-01 0.0000000000000000e+00 0.0000000000000000e+00 0.0000000000000000e+00 1.0000000000000000e+00</transform>
          <orientation>1</orientation>
        </camera>
        <camera id="14" label="IMG_0383.JPG" sensor_id="0" enabled="true">
          <transform>-6.9034334174387268e-01 6.1504290025995401e-01 -3.8098333474015245e-01 9.1579903622461922e-01 -7.2102258486388981e-01 -5.4149353543527545e-01 4.3233226018653875e-01 -1.8413491342212078e+00 5.9602874310703463e-02 5.7315528604526589e-01 8.1727627853270846e-01 1.0660432547390704e+00 0.0000000000000000e+00 0.0000000000000000e+00 0.0000000000000000e+00 1.0000000000000000e+00</transform>
          <orientation>1</orientation>
        </camera>
        <camera id="15" label="IMG_0384.JPG" sensor_id="0" enabled="true">
          <transform>-6.4823665511690998e-01 -6.9144275419952916e-01 -3.1889834842439974e-01 9.5644183214093492e-01 5.4818420258423695e-01 -7.1445853509541202e-01 4.3479084818611602e-01 -2.1793192411388338e+00 -5.2847262843020038e-01 1.0703232826715239e-01 8.4217620585349506e-01 2.3795538112533640e-01 0.0000000000000000e+00 0.0000000000000000e+00 0.0000000000000000e+00 1.0000000000000000e+00</transform>
          <orientation>1</orientation>
        </camera>
        <camera id="16" label="IMG_0389.JPG" sensor_id="0" enabled="true">
          <transform>-4.4985656020198614e-03 9.9927485135897476e-01 3.7809183395352330e-02 -7.9051526613414091e-01 -9.9919587047031222e-01 -2.9853601624471576e-03 -3.9983747445375487e-02 8.6216230125722848e-01 -3.9841879255369236e-02 -3.7958649425388361e-02 9.9848473478125910e-01 -1.7613600897634346e-01 0.0000000000000000e+00 0.0000000000000000e+00 0.0000000000000000e+00 1.0000000000000000e+00</transform>
          <orientation>1</orientation>
        </camera>
        <camera id="17" label="IMG_0395.JPG" sensor_id="0" enabled="true">
          <transform>1.0717277314013857e-02 9.9958760781508738e-01 2.6641213738969129e-02 -7.6678246004453987e-01 -9.9991782832179221e-01 1.0900622534967623e-02 -6.7463347516135818e-03 -6.1565513290668950e-01 -7.0339584307271101e-03 -2.6566722245340499e-02 9.9962229501844024e-01 -1.2221911954570021e-01 0.0000000000000000e+00 0.0000000000000000e+00 0.0000000000000000e+00 1.0000000000000000e+00</transform>
          <orientation>1</orientation>
        </camera>
        <camera id="18" label="IMG_0397.JPG" sensor_id="0" enabled="true">
          <transform>9.9999928242140190e-01 7.7987356972081918e-04 9.0937005479304765e-04 -2.1707190125947306e-02 -7.8115159582853430e-04 9.9999870663696633e-01 1.4058899597096045e-03 -4.9695585352502476e-03 -9.0827246222592161e-04 -1.4065993067425584e-03 9.9999859825877990e-01 -2.4896390074875794e-02 0.0000000000000000e+00 0.0000000000000000e+00 0.0000000000000000e+00 1.0000000000000000e+00</transform>
          <orientation>1</orientation>
        </camera>
        <camera id="19" label="IMG_0399.JPG" sensor_id="0" enabled="true">
          <transform>9.7932201578014499e-01 -2.7377035998116840e-02 2.0044671937517775e-01 -9.4558033484800008e-01 1.9867457154777522e-02 9.9902674459967744e-01 3.9380803963020496e-02 -9.6957274755065576e-02 -2.0132976321079929e-01 -3.4584121711105899e-02 9.7891279742934967e-01 -2.8710324307172308e-01 0.0000000000000000e+00 0.0000000000000000e+00 0.0000000000000000e+00 1.0000000000000000e+00</transform>
          <orientation>1</orientation>
        </camera>
      </cameras>
      <markers next_id="5">
        <marker id="0" label="CP1">
          <reference x="0" y="1" z="0" sxyz="1.0000000000000001e-09" enabled="true"/>
        </marker>
        <marker id="1" label="CP2">
          <reference x="1" y="1" z="0" sxyz="1.0000000000000001e-09" enabled="true"/>
        </marker>
        <marker id="2" label="CP3">
          <reference x="0" y="0" z="0" sxyz="1.0000000000000001e-09" enabled="true"/>
        </marker>
        <marker id="3" label="CP4">
          <reference x="1" y="0" z="0" sxyz="1.0000000000000001e-09" enabled="true"/>
        </marker>
      </markers>
      <frames next_id="1">
        <frame id="0">
          <cameras>
            <camera camera_id="0">
              <photo path="images/IMG_0369.JPG">
                <meta>
                  <property name="Exif/FocalLength" value="20.9324"/>
                  <property name="Exif/Model" value="Photomodeler imported project camera"/>
                  <property name="File/ImageHeight" value="3456"/>
                  <property name="File/ImageWidth" value="5184"/>
                </meta>
              </photo>
              <thumbnail path="thumb0.jpg"/>
            </camera>
            <camera camera_id="1">
              <photo path="images/IMG_0370.JPG">
                <meta>
                  <property name="Exif/FocalLength" value="20.9324"/>
                  <property name="Exif/Model" value="Photomodeler imported project camera"/>
                  <property name="File/ImageHeight" value="3456"/>
                  <property name="File/ImageWidth" value="5184"/>
                </meta>
              </photo>
              <thumbnail path="thumb1.jpg"/>
            </camera>
            <camera camera_id="2">
              <photo path="images/IMG_0371.JPG">
                <meta>
                  <property name="Exif/FocalLength" value="20.9324"/>
                  <property name="Exif/Model" value="Photomodeler imported project camera"/>
                  <property name="File/ImageHeight" value="3456"/>
                  <property name="File/ImageWidth" value="5184"/>
                </meta>
              </photo>
              <thumbnail path="thumb2.jpg"/>
            </camera>
            <camera camera_id="3">
              <photo path="images/IMG_0372.JPG">
                <meta>
                  <property name="Exif/FocalLength" value="20.9324"/>
                  <property name="Exif/Model" value="Photomodeler imported project camera"/>
                  <property name="File/ImageHeight" value="3456"/>
                  <property name="File/ImageWidth" value="5184"/>
                </meta>
              </photo>
              <thumbnail path="thumb3.jpg"/>
            </camera>
            <camera camera_id="4">
              <photo path="images/IMG_0373.JPG">
                <meta>
                  <property name="Exif/FocalLength" value="20.9324"/>
                  <property name="Exif/Model" value="Photomodeler imported project camera"/>
                  <property name="File/ImageHeight" value="3456"/>
                  <property name="File/ImageWidth" value="5184"/>
                </meta>
              </photo>
              <thumbnail path="thumb4.jpg"/>
            </camera>
            <camera camera_id="5">
              <photo path="images/IMG_0374.JPG">
                <meta>
                  <property name="Exif/FocalLength" value="20.9324"/>
                  <property name="Exif/Model" value="Photomodeler imported project camera"/>
                  <property name="File/ImageHeight" value="3456"/>
                  <property name="File/ImageWidth" value="5184"/>
                </meta>
              </photo>
              <thumbnail path="thumb5.jpg"/>
            </camera>
            <camera camera_id="6">
              <photo path="images/IMG_0375.JPG">
                <meta>
                  <property name="Exif/FocalLength" value="20.9324"/>
                  <property name="Exif/Model" value="Photomodeler imported project camera"/>
                  <property name="File/ImageHeight" value="3456"/>
                  <property name="File/ImageWidth" value="5184"/>
                </meta>
              </photo>
              <thumbnail path="thumb6.jpg"/>
            </camera>
            <camera camera_id="7">
              <photo path="images/IMG_0376.JPG">
                <meta>
                  <property name="Exif/FocalLength" value="20.9324"/>
                  <property name="Exif/Model" value="Photomodeler imported project camera"/>
                  <property name="File/ImageHeight" value="3456"/>
                  <property name="File/ImageWidth" value="5184"/>
                </meta>
              </photo>
              <thumbnail path="thumb7.jpg"/>
            </camera>
            <camera camera_id="8">
              <photo path="images/IMG_0377.JPG">
                <meta>
                  <property name="Exif/FocalLength" value="20.9324"/>
                  <property name="Exif/Model" value="Photomodeler imported project camera"/>
                  <property name="File/ImageHeight" value="3456"/>
                  <property name="File/ImageWidth" value="5184"/>
                </meta>
              </photo>
              <thumbnail path="thumb8.jpg"/>
            </camera>
            <camera camera_id="9">
              <photo path="images/IMG_0378.JPG">
                <meta>
                  <property name="Exif/FocalLength" value="20.9324"/>
                  <property name="Exif/Model" value="Photomodeler imported project camera"/>
                  <property name="File/ImageHeight" value="3456"/>
                  <property name="File/ImageWidth" value="5184"/>
                </meta>
              </photo>
              <thumbnail path="thumb9.jpg"/>
            </camera>
            <camera camera_id="10">
              <photo path="images/IMG_0379.JPG">
                <meta>
                  <property name="Exif/FocalLength" value="20.9324"/>
                  <property name="Exif/Model" value="Photomodeler imported project camera"/>
                  <property name="File/ImageHeight" value="3456"/>
                  <property name="File/ImageWidth" value="5184"/>
                </meta>
              </photo>
              <thumbnail path="thumb10.jpg"/>
            </camera>
            <camera camera_id="11">
              <photo path="images/IMG_0380.JPG">
                <meta>
                  <property name="Exif/FocalLength" value="20.9324"/>
                  <property name="Exif/Model" value="Photomodeler imported project camera"/>
                  <property name="File/ImageHeight" value="3456"/>
                  <property name="File/ImageWidth" value="5184"/>
                </meta>
              </photo>
              <thumbnail path="thumb11.jpg"/>
            </camera>
            <camera camera_id="12">
              <photo path="images/IMG_0381.JPG">
                <meta>
                  <property name="Exif/FocalLength" value="20.9324"/>
                  <property name="Exif/Model" value="Photomodeler imported project camera"/>
                  <property name="File/ImageHeight" value="3456"/>
                  <property name="File/ImageWidth" value="5184"/>
                </meta>
              </photo>
              <thumbnail path="thumb12.jpg"/>
            </camera>
            <camera camera_id="13">
              <photo path="images/IMG_0382.JPG">
                <meta>
                  <property name="Exif/FocalLength" value="20.9324"/>
                  <property name="Exif/Model" value="Photomodeler imported project camera"/>
                  <property name="File/ImageHeight" value="3456"/>
                  <property name="File/ImageWidth" value="5184"/>
                </meta>
              </photo>
              <thumbnail path="thumb13.jpg"/>
            </camera>
            <camera camera_id="14">
              <photo path="images/IMG_0383.JPG">
                <meta>
                  <property name="Exif/FocalLength" value="20.9324"/>
                  <property name="Exif/Model" value="Photomodeler imported project camera"/>
                  <property name="File/ImageHeight" value="3456"/>
                  <property name="File/ImageWidth" value="5184"/>
                </meta>
              </photo>
            </camera>
            <camera camera_id="15">
              <photo path="images/IMG_0384.JPG">
                <meta>
                  <property name="Exif/FocalLength" value="20.9324"/>
                  <property name="Exif/Model" value="Photomodeler imported project camera"/>
                  <property name="File/ImageHeight" value="3456"/>
                  <property name="File/ImageWidth" value="5184"/>
                </meta>
              </photo>
            </camera>
            <camera camera_id="16">
              <photo path="images/IMG_0389.JPG">
                <meta>
                  <property name="Exif/FocalLength" value="20.9324"/>
                  <property name="Exif/Model" value="Photomodeler imported project camera"/>
                  <property name="File/ImageHeight" value="3456"/>
                  <property name="File/ImageWidth" value="5184"/>
                </meta>
              </photo>
            </camera>
            <camera camera_id="17">
              <photo path="images/IMG_0395.JPG">
                <meta>
                  <property name="Exif/FocalLength" value="20.9324"/>
                  <property name="Exif/Model" value="Photomodeler imported project camera"/>
                  <property name="File/ImageHeight" value="3456"/>
                  <property name="File/ImageWidth" value="5184"/>
                </meta>
              </photo>
            </camera>
            <camera camera_id="18">
              <photo path="images/IMG_0397.JPG">
                <meta>
                  <property name="Exif/FocalLength" value="20.9324"/>
                  <property name="Exif/Model" value="Photomodeler imported project camera"/>
                  <property name="File/ImageHeight" value="3456"/>
                  <property name="File/ImageWidth" value="5184"/>
                </meta>
              </photo>
            </camera>
            <camera camera_id="19">
              <photo path="images/IMG_0399.JPG">
                <meta>
                  <property name="Exif/FocalLength" value="20.9324"/>
                  <property name="Exif/Model" value="Photomodeler imported project camera"/>
                  <property name="File/ImageHeight" value="3456"/>
                  <property name="File/ImageWidth" value="5184"/>
                </meta>
              </photo>
            </camera>
          </cameras>
          <markers>
            <marker marker_id="0">
              <location camera_id="0" pinned="true" x="1315.3486" y="505.91391"/>
              <location camera_id="1" pinned="true" x="4325.4497" y="604.73541"/>
              <location camera_id="2" pinned="true" x="531.71472" y="1344.5886"/>
              <location camera_id="3" pinned="true" x="2822.6455" y="235.72121"/>
              <location camera_id="4" pinned="true" x="825.8006" y="2782.3428"/>
              <location camera_id="5" pinned="true" x="2043.1003" y="264.95181"/>
              <location camera_id="6" pinned="true" x="2680.3015" y="3145.3318"/>
              <location camera_id="7" pinned="true" x="1509.0961" y="1735.8774"/>
              <location camera_id="8" pinned="true" x="4237.6143" y="2742.7234"/>
              <location camera_id="9" pinned="true" x="2056.5137" y="3256.4609"/>
              <location camera_id="10" pinned="true" x="4371.4497" y="1300.8676"/>
              <location camera_id="11" pinned="true" x="2876.5344" y="3278.3396"/>
              <location camera_id="12" pinned="true" x="3805.6628" y="425.32089"/>
              <location camera_id="13" pinned="true" x="4317.6318" y="2957.8159"/>
              <location camera_id="14" pinned="true" x="2524.8296" y="128.8365"/>
              <location camera_id="15" pinned="true" x="3958.5693" y="1700.4635"/>
              <location camera_id="16" pinned="true" x="2188.1082" y="404.25699"/>
              <location camera_id="17" pinned="true" x="580.33679" y="433.4169"/>
              <location camera_id="18" pinned="true" x="490.69431" y="2961.2444"/>
              <location camera_id="19" pinned="true" x="651.35571" y="2917.4661"/>
            </marker>
            <marker marker_id="1">
              <location camera_id="0" pinned="true" x="3730.0745" y="471.01569"/>
              <location camera_id="1" pinned="true" x="4413.5957" y="2894.5105"/>
              <location camera_id="2" pinned="true" x="2293.3145" y="194.714"/>
              <location camera_id="3" pinned="true" x="3891.8799" y="1657.4244"/>
              <location camera_id="4" pinned="true" x="1314.9742" y="353.6514"/>
              <location camera_id="5" pinned="true" x="4260.3955" y="580.50677"/>
              <location camera_id="6" pinned="true" x="666.5871" y="1341.7859"/>
              <location camera_id="7" pinned="true" x="2873.4778" y="98.556099"/>
              <location camera_id="8" pinned="true" x="755.69189" y="2802.8323"/>
              <location camera_id="9" pinned="true" x="1996.1661" y="259.19409"/>
              <location camera_id="10" pinned="true" x="2654.3511" y="3166.4597"/>
              <location camera_id="11" pinned="true" x="1370.343" y="1764.4974"/>
              <location camera_id="12" pinned="true" x="4364.791" y="2761.4434"/>
              <location camera_id="13" pinned="true" x="2070.2502" y="3290.2134"/>
              <location camera_id="14" pinned="true" x="4418.5713" y="1183.2355"/>
              <location camera_id="15" pinned="true" x="3026.8547" y="3268.9846"/>
              <location camera_id="16" pinned="true" x="4554.1274" y="419.24921"/>
              <location camera_id="17" pinned="true" x="3018.7778" y="406.5488"/>
              <location camera_id="18" pinned="true" x="485.18951" y="492.8613"/>
              <location camera_id="19" pinned="true" x="549.73871" y="449.28879"/>
            </marker>
            <marker marker_id="2">
              <location camera_id="0" pinned="true" x="792.47229" y="2782.259"/>
              <location camera_id="1" pinned="true" x="2251.3535" y="242.57359"/>
              <location camera_id="2" pinned="true" x="2477.8772" y="2959.0608"/>
              <location camera_id="3" pinned="true" x="1510.421" y="1785.8411"/>
              <location camera_id="4" pinned="true" x="4296.7725" y="2798.4116"/>
              <location camera_id="5" pinned="true" x="2038.0844" y="3212.0923"/>
              <location camera_id="6" pinned="true" x="4442.0527" y="1218.2133"/>
              <location camera_id="7" pinned="true" x="3139.7888" y="3174.5442"/>
              <location camera_id="8" pinned="true" x="3655.3328" y="512.81219"/>
              <location camera_id="9" pinned="true" x="4253.7788" y="2859.5989"/>
              <location camera_id="10" pinned="true" x="2470.7373" y="219.8672"/>
              <location camera_id="11" pinned="true" x="3899.2876" y="1716.4916"/>
              <location camera_id="12" pinned="true" x="1304.2324" y="410.25571"/>
              <location camera_id="13" pinned="true" x="4245.812" y="587.66589"/>
              <location camera_id="14" pinned="true" x="665.16339" y="1267.6957"/>
              <location camera_id="15" pinned="true" x="2880.3005" y="199.57111"/>
              <location camera_id="16" pinned="true" x="2191.1316" y="2853.2517"/>
              <location camera_id="17" pinned="true" x="577.44159" y="2928.8933"/>
              <location camera_id="18" pinned="true" x="2999.4106" y="3000.6167"/>
              <location camera_id="19" pinned="true" x="3062.8655" y="2768.3633"/>
            </marker>
            <marker marker_id="3">
              <location camera_id="0" pinned="true" x="4255.5073" y="2748.4558"/>
              <location camera_id="1" pinned="true" x="2307.0913" y="3281.3479"/>
              <location camera_id="2" pinned="true" x="4149.4004" y="1161.4388"/>
              <location camera_id="3" pinned="true" x="3012.9846" y="3210.1167"/>
              <location camera_id="4" pinned="true" x="3834.8521" y="379.9538"/>
              <location camera_id="5" pinned="true" x="4266.8369" y="2917.3545"/>
              <location camera_id="6" pinned="true" x="2519.9895" y="135.9812"/>
              <location camera_id="7" pinned="true" x="4054.9944" y="1564.8495"/>
              <location camera_id="8" pinned="true" x="1245.1368" y="515.82751"/>
              <location camera_id="9" pinned="true" x="4207.0713" y="549.13348"/>
              <location camera_id="10" pinned="true" x="660.08087" y="1392.5718"/>
              <location camera_id="11" pinned="true" x="2854.428" y="195.3877"/>
              <location camera_id="12" pinned="true" x="822.47083" y="2792.7258"/>
              <location camera_id="13" pinned="true" x="2047.5774" y="218.3071"/>
              <location camera_id="14" pinned="true" x="2616.1875" y="3039.1848"/>
              <location camera_id="15" pinned="true" x="1480.6704" y="1761.7305"/>
              <location camera_id="16" pinned="true" x="4603.6274" y="2818.876"/>
              <location camera_id="17" pinned="true" x="3079.0222" y="2868.6831"/>
              <location camera_id="18" pinned="true" x="2981.5315" y="420.49289"/>
              <location camera_id="19" pinned="true" x="3002.7336" y="453.48959"/>
            </marker>
          </markers>
          <point_cloud>
            <tracks path="tracks0.ply"/>
            <points path="points0.ply"/>
            <projections camera_id="0" path="projections0.ply"/>
            <projections camera_id="1" path="projections1.ply"/>
            <projections camera_id="2" path="projections2.ply"/>
            <projections camera_id="3" path="projections3.ply"/>
            <projections camera_id="4" path="projections4.ply"/>
            <projections camera_id="5" path="projections5.ply"/>
            <projections camera_id="6" path="projections6.ply"/>
            <projections camera_id="7" path="projections7.ply"/>
            <projections camera_id="8" path="projections8.ply"/>
            <projections camera_id="9" path="projections9.ply"/>
            <projections camera_id="10" path="projections10.ply"/>
            <projections camera_id="11" path="projections11.ply"/>
            <projections camera_id="12" path="projections12.ply"/>
            <projections camera_id="13" path="projections13.ply"/>
            <projections camera_id="14" path="projections14.ply"/>
            <projections camera_id="15" path="projections15.ply"/>
            <projections camera_id="16" path="projections16.ply"/>
            <projections camera_id="17" path="projections17.ply"/>
            <projections camera_id="18" path="projections18.ply"/>
            <projections camera_id="19" path="projections19.ply"/>
          </point_cloud>
        </frame>
      </frames>
      <transform>
        <rotation>-6.8078698336960846e-03 -9.9992217728097255e-01 1.0454295289843511e-02 -9.9737182049873141e-01 7.5438937169934866e-03 7.2059290467179710e-02 -7.2132548709816988e-02 -9.9362492554534807e-03 -9.9734556015824305e-01</rotation>
        <translation>4.7695615774888156e-01 1.4346455245071929e-02 1.8483407140194554e+00</translation>
        <scale>4.8143612729969004e-01</scale>
      </transform>
      <region>
        <center>5.0000000000000000e-01 4.9997000000000003e-01 -2.5000000000000066e-05</center>
        <size>1.2806600000000001e+00 1.2912200000000000e+00 1.0000000000000000e-02</size>
        <R>1.0000000000000000e+00 0.0000000000000000e+00 0.0000000000000000e+00 0.0000000000000000e+00 1.0000000000000000e+00 0.0000000000000000e+00 0.0000000000000000e+00 0.0000000000000000e+00 1.0000000000000000e+00</R>
      </region>
      <settings>
        <property name="accuracy_tiepoints" value="1"/>
        <property name="accuracy_cameras" value="10"/>
        <property name="accuracy_cameras_ypr" value="2"/>
        <property name="accuracy_markers" value="0.0050000000000000001"/>
        <property name="accuracy_scalebars" value="0.001"/>
        <property name="accuracy_projections" value="0.10000000000000001"/>
      </settings>
      <meta>
        <property name="align/duration" value="1.836454"/>
      </meta>
    </chunk>
  </chunks>
</document>
