<?xml version="1.0" encoding="UTF-8"?>
<document version="1.2.0">
  <chunks next_id="1">
    <chunk id="0" label="Chunk 1 (imported)" enabled="true">
      <sensors next_id="1">
        <sensor id="0" label="Photomodeler imported project camera" type="frame">
          <resolution width="5184" height="3456"/>
          <property name="pixel_width" value="0.0043729745370370372"/>
          <property name="pixel_height" value="0.0043729745370370372"/>
          <property name="focal_length" value="20.932400000000001"/>
          <property name="fixed" value="true"/>
          <bands>
            <band label="Red"/>
            <band label="Green"/>
            <band label="Blue"/>
          </bands>
          <calibration type="frame" class="initial">
            <resolution width="5184" height="3456"/>
            <fx>4786.7646661814333</fx>
            <fy>4786.7646661814333</fy>
            <cx>2582.9786806061006</cx>
            <cy>1719.836220472441</cy>
          </calibration>
        </sensor>
      </sensors>
      <cameras next_id="20" next_group_id="0">
        <camera id="0" label="IMG_0369.JPG" sensor_id="0" enabled="true">
          <transform>8.7223562437280244e-04 8.4883143618746115e-01 -5.2866287191834049e-01 1.2879719579553808e+00 -9.9978119746660243e-01 1.1789109971564418e-02 1.7279296233493613e-02 -1.0418480692167459e-01 2.0899674573113369e-02 5.2853212752491263e-01 8.4865599260049263e-01 1.0540577775454389e+00 0.0000000000000000e+00 0.0000000000000000e+00 0.0000000000000000e+00 1.0000000000000000e+00</transform>
          <orientation>1</orientation>
        </camera>
        <camera id="1" label="IMG_0370.JPG" sensor_id="0" enabled="true">
          <transform>-9.0391783841592799e-01 -4.4287496366089765e-03 -4.2768320936194421e-01 1.5147372966463475e+00 -2.0407668060206271e-02 -9.9836088418919655e-01 5.3470290866143612e-02 -1.7373064328124532e-01 -4.2721899358270671e-01 5.7060766710777734e-02 9.0234583194280815e-01 7.7827764337707317e-01 0.0000000000000000e+00 0.0000000000000000e+00 0.0000000000000000e+00 1.0000000000000000e+00</transform>
          <orientation>1</orientation>
        </camera>
        <camera id="2" label="IMG_0371.JPG" sensor_id="0" enabled="true">
          <transform>7.5089313476404018e-01 5.6087441852179754e-01 -3.4868235804535408e-01 9.6412302413868234e-01 -6.5847673958620812e-01 5.9531591781883764e-01 -4.6044254952755198e-01 1.8906927553258601e+00 -5.0674289221953078e-02 5.7534237167042601e-01 8.1634139413146234e-01 9.3625568665152670e-01 0.0000000000000000e+00 0.0000000000000000e+00 0.0000000000000000e+00 1.0000000000000000e+00</transform>
          <orientation>1</orientation>
        </camera>
        <camera id="3" label="IMG_0372.JPG" sensor_id="0" enabled="true">
          <transform>-5.7489491533747006e-01 7.3208071283753562e-01 -3.6544995034944106e-01 1.1837374224046147e+00 -6.2153055659298284e-01 -6.8120146838788131e-01 -3.8686473952456724e-01 2.0141661118236116e+00 -5.3216125708317030e-01 4.7317393715374523e-03 8.4662979341751254e-01 8.3493084019924779e-02 0.0000000000000000e+00 0.0000000000000000e+00 0.0000000000000000e+00 1.0000000000000000e+00</transform>
          <orientation>1</orientation>
        </camera>
        <camera id="4" label="IMG_0373.JPG" sensor_id="0" enabled="true">
          <transform>9.9653220888909422e-01 5.1360634897020335e-02 6.5464813675726416e-02 -9.2937557622944056e-01 -9.7643370163796941e-03 8.5350902117008032e-01 -5.2098657228754153e-01 1.9725576241156715e+00 -8.2633010166961465e-02 5.1854067917981728e-01 8.5105073272189857e-01 1.1174565247554944e+00 0.0000000000000000e+00 0.0000000000000000e+00 0.0000000000000000e+00 1.0000000000000000e+00</transform>
          <orientation>1</orientation>
        </camera>
        <camera id="5" label="IMG_0374.JPG" sensor_id="0" enabled="true">
          <transform>-3.8015623525702300e-02 9.9802139124909051e-01 5.0081084025628775e-02 -9.1165767386086760e-01 -9.0844316517154922e-01 -1.3638852199976723e-02 -4.1778582714563794e-01 2.0897246962057983e+00 -4.1627614394900142e-01 -6.1378207206607249e-02 9.0716420104579387e-01 6.7031050121647939e-01 0.0000000000000000e+00 0.0000000000000000e+00 0.0000000000000000e+00 1.0000000000000000e+00</transform>
          <orientation>1</orientation>
        </camera>
        <camera id="6" label="IMG_0375.JPG" sensor_id="0" enabled="true">
          <transform>6.7981067193794775e-01 -5.4535897280345913e-01 4.9034787763590004e-01 -2.7215678630648852e+00 7.3120621363998595e-01 5.5554546385811732e-01 -3.9586198443516180e-01 1.6535100215309393e+00 -5.6523653929580669e-02 6.2765661660610650e-01 7.7643560465567507e-01 1.2238701958705007e+00 0.0000000000000000e+00 0.0000000000000000e+00 0.0000000000000000e+00 1.0000000000000000e+00</transform>
          <orientation>1</orientation>
        </camera>
        <camera id="7" label="IMG_0376.JPG" sensor_id="0" enabled="true">
          <transform>6.1391107439665937e-01 6.6641129618677220e-01 4.2309476130981055e-01 -2.8320544905393752e+00 -5.4821741272833335e-01 7.4558403152878250e-01 -3.7889592279508588e-01 1.9936937026065624e+00 -5.6795322088583289e-01 6.6048766346871179e-04 8.2306057045727499e-01 3.8371399765151143e-01 0.0000000000000000e+00 0.0000000000000000e+00 0.0000000000000000e+00 1.0000000000000000e+00</transform>
          <orientation>1</orientation>
        </camera>
        <camera id="8" label="IMG_0377.JPG" sensor_id="0" enabled="true">
          <transform>-2.6468053895148141e-02 -7.5379466863592848e-01 6.5657675839086393e-01 -3.1567382447379377e+00 9.9908473877756232e-01 2.1308850789418521e-03 4.2721704911565683e-02 -8.0270259960265752e-02 -3.3602483015010398e-02 6.5710657953244678e-01 7.5304834922493213e-01 1.4055510803432756e+00 0.0000000000000000e+00 0.0000000000000000e+00 0.0000000000000000e+00 1.0000000000000000e+00</transform>
          <orientation>1</orientation>
        </camera>
        <camera id="9" label="IMG_0378.JPG" sensor_id="0" enabled="true">
          <transform>8.5586926778743755e-01 -1.1743417126228499e-02 5.1705888311796255e-01 -3.1409058089089514e+00 9.2267094403110060e-03 9.9992977166632790e-01 7.4377125670004578e-03 -4.2082256391184951e-02 -5.1710991509533022e-01 -1.5949575306709336e-03 8.5591751461257981e-01 9.3046273332393337e-01 0.0000000000000000e+00 0.0000000000000000e+00 0.0000000000000000e+00 1.0000000000000000e+00</transform>
          <orientation>1</orientation>
        </camera>
        <camera id="10" label="IMG_0379.JPG" sensor_id="0" enabled="true">
          <transform>-7.3639085335526067e-01 -5.0167428140525394e-01 4.5392887820806560e-01 -2.6065643755205641e+00 6.7597019199020947e-01 -5.7349230983917021e-01 4.6278598735922438e-01 -1.8944020093179372e+00 2.8156893213386908e-02 6.4763375910452270e-01 7.6143135175320531e-01 1.2073302572339537e+00 0.0000000000000000e+00 0.0000000000000000e+00 0.0000000000000000e+00 1.0000000000000000e+00</transform>
          <orientation>1</orientation>
        </camera>
        <camera id="11" label="IMG_0380.JPG" sensor_id="0" enabled="true">
          <transform>5.4012483641374187e-01 -7.0892189117750071e-01 4.5353601102706764e-01 -2.9177143040447513e+00 5.8005835600302424e-01 7.0404774127646041e-01 4.0969388771933501e-01 -2.0303800764970177e+00 -6.0975196983699642e-01 4.1791508860414578e-02 7.9148973781538867e-01 4.5448677830674566e-01 0.0000000000000000e+00 0.0000000000000000e+00 0.0000000000000000e+00 1.0000000000000000e+00</transform>
          <orientation>1</orientation>
        </camera>
        <camera id="12" label="IMG_0381.JPG" sensor_id="0" enabled="true">
          <transform>-9.9858563035133219e-01 3.7575426582480698e-02 3.7614175160133885e-02 -8.4545852503130536e-01 -8.8916358786846374e-03 -8.1553532659730821e-01 5.7863898061159236e-01 -2.1487466026034077e+00 5.2418295157640508e-02 5.7748611965047814e-01 8.1471596519510991e-01 1.2645567221438061e+00 0.0000000000000000e+00 0.0000000000000000e+00 0.0000000000000000e+00 1.0000000000000000e+00</transform>
          <orientation>1</orientation>
        </camera>
        <camera id="13" label="IMG_0382.JPG" sensor_id="0" enabled="true">
          <transform>-3.9704101494278617e-02 -9.9217755123953610e-01 1.1835240234507260e-01 -1.1224941054770938e+00 8.8216729131615312e-01 2.0819132501910767e-02 4.7047575267359892e-01 -2.2402693123534951e+00 -4.6925947455161054e-01 1.2308643523226187e-01 8.7443997793179651e-01 9.1523467881888088e-01 0.0000000000000000e+00 0.0000000000000000e+00 0.0000000000000000e+00 1.0000000000000000e+00</transform>
          <orientation>1</orientation>
        </camera>
        <camera id="14" label="IMG_0383.JPG" sensor_id="0" enabled="true">
          <transform>-6.9033731453131009e-01 6.1503613930492385e-01 -3.8100516993158162e-01 9.1217500966682874e-01 -7.2103029866362289e-01 -5.4149427511586856e-01 4.3231846875398133e-01 -1.8338260975384353e+00 5.9579363665164808e-02 5.7316184221006417e-01 8.1727339492951823e-01 1.0617365076270202e+00 0.0000000000000000e+00 0.0000000000000000e+00 0.0000000000000000e+00 1.0000000000000000e+00</transform>
          <orientation>1</orientation>
        </camera>
        <camera id="15" label="IMG_0384.JPG" sensor_id="0" enabled="true">
          <transform>-6.4822918765530646e-01 -6.9143741610264953e-01 -3.1892510074472485e-01 9.5269341520230821e-01 5.4818653511424520e-01 -7.1446834659200165e-01 4.3477178431624303e-01 -2.1703928492660429e+00 -5.2847936855773270e-01 1.0700131462455403e-01 8.4217591729842145e-01 2.3699364369162146e-01 0.0000000000000000e+00 0.0000000000000000e+00 0.0000000000000000e+00 1.0000000000000000e+00</transform>
          <orientation>1</orientation>
        </camera>
        <camera id="16" label="IMG_0389.JPG" sensor_id="0" enabled="true">
          <transform>-4.4964452289546165e-03 9.9927468406754794e-01 3.7813856745977044e-02 -7.8733259772389752e-01 -9.9919774625466196e-01 -2.9848353082483686e-03 -3.9936883175665336e-02 8.5846870385500973e-01 -3.9795048183249117e-02 -3.7963094445591442e-02 9.9848643335811427e-01 -1.7548428122069426e-01 0.0000000000000000e+00 0.0000000000000000e+00 0.0000000000000000e+00 1.0000000000000000e+00</transform>
          <orientation>1</orientation>
        </camera>
        <camera id="17" label="IMG_0395.JPG" sensor_id="0" enabled="true">
          <transform>1.0716108033488490e-02 9.9958771108921518e-01 2.6637808994704536e-02 -7.6365997233284755e-01 -9.9991757013247640e-01 1.0900450287382480e-02 -6.7847714697345709e-03 -6.1299761105719608e-01 -7.0723382964069555e-03 -2.6562906899585778e-02 9.9962212560950503e-01 -1.2176101541086524e-01 0.0000000000000000e+00 0.0000000000000000e+00 0.0000000000000000e+00 1.0000000000000000e+00</transform>
          <orientation>1</orientation>
        </camera>
        <camera id="18" label="IMG_0397.JPG" sensor_id="0" enabled="true">
          <transform>9.9999931212047100e-01 7.7971264744069427e-04 8.7624584009855441e-04 -2.1482374195857523e-02 -7.8094760170548182e-04 9.9999870113319589e-01 1.4099123251240079e-03 -4.9663800340418980e-03 -8.7514537550023867e-04 -1.4105956573615111e-03 9.9999862216928237e-01 -2.4757941680226207e-02 0.0000000000000000e+00 0.0000000000000000e+00 0.0000000000000000e+00 1.0000000000000000e+00</transform>
          <orientation>1</orientation>
        </camera>
        <camera id="19" label="IMG_0399.JPG" sensor_id="0" enabled="true">
          <transform>9.7931945861075775e-01 -2.7376949992586497e-02 2.0045922427126117e-01 -9.4180575229405517e-01 1.9868105626705386e-02 9.9902695915653639e-01 3.9375033425385626e-02 -9.6537819064637750e-02 -2.0134213757963942e-01 -3.4577991375260304e-02 9.7891046891292055e-01 -2.8594040024702461e-01 0.0000000000000000e+00 0.0000000000000000e+00 0.0000000000000000e+00 1.0000000000000000e+00</transform>
          <orientation>1</orientation>
        </camera>
      </cameras>
      <markers next_id="5">
        <marker id="0" label="CP1">
          <reference x="0" y="1" z="0" sxyz="9.9999999999999995e-07" enabled="true"/>
        </marker>
        <marker id="1" label="CP2">
          <reference x="1" y="1" z="0" sxyz="9.9999999999999995e-07" enabled="true"/>
        </marker>
        <marker id="2" label="CP3">
          <reference x="0" y="0" z="0" sxyz="9.9999999999999995e-07" enabled="true"/>
        </marker>
        <marker id="3" label="CP4">
          <reference x="1" y="0" z="0" sxyz="9.9999999999999995e-07" enabled="true"/>
        </marker>
      </markers>
      <frames next_id="1">
        <frame id="0">
          <cameras>
            <camera camera_id="0">
              <photo path="images/IMG_0369.JPG">
                <meta>
                  <property name="Exif/FocalLength" value="20.9324"/>
                  <property name="Exif/Model" value="Photomodeler imported project camera"/>
                  <property name="File/ImageHeight" value="3456"/>
                  <property name="File/ImageWidth" value="5184"/>
                </meta>
              </photo>
            </camera>
            <camera camera_id="1">
              <photo path="images/IMG_0370.JPG">
                <meta>
                  <property name="Exif/FocalLength" value="20.9324"/>
                  <property name="Exif/Model" value="Photomodeler imported project camera"/>
                  <property name="File/ImageHeight" value="3456"/>
                  <property name="File/ImageWidth" value="5184"/>
                </meta>
              </photo>
            </camera>
            <camera camera_id="2">
              <photo path="images/IMG_0371.JPG">
                <meta>
                  <property name="Exif/FocalLength" value="20.9324"/>
                  <property name="Exif/Model" value="Photomodeler imported project camera"/>
                  <property name="File/ImageHeight" value="3456"/>
                  <property name="File/ImageWidth" value="5184"/>
                </meta>
              </photo>
            </camera>
            <camera camera_id="3">
              <photo path="images/IMG_0372.JPG">
                <meta>
                  <property name="Exif/FocalLength" value="20.9324"/>
                  <property name="Exif/Model" value="Photomodeler imported project camera"/>
                  <property name="File/ImageHeight" value="3456"/>
                  <property name="File/ImageWidth" value="5184"/>
                </meta>
              </photo>
            </camera>
            <camera camera_id="4">
              <photo path="images/IMG_0373.JPG">
                <meta>
                  <property name="Exif/FocalLength" value="20.9324"/>
                  <property name="Exif/Model" value="Photomodeler imported project camera"/>
                  <property name="File/ImageHeight" value="3456"/>
                  <property name="File/ImageWidth" value="5184"/>
                </meta>
              </photo>
            </camera>
            <camera camera_id="5">
              <photo path="images/IMG_0374.JPG">
                <meta>
                  <property name="Exif/FocalLength" value="20.9324"/>
                  <property name="Exif/Model" value="Photomodeler imported project camera"/>
                  <property name="File/ImageHeight" value="3456"/>
                  <property name="File/ImageWidth" value="5184"/>
                </meta>
              </photo>
            </camera>
            <camera camera_id="6">
              <photo path="images/IMG_0375.JPG">
                <meta>
                  <property name="Exif/FocalLength" value="20.9324"/>
                  <property name="Exif/Model" value="Photomodeler imported project camera"/>
                  <property name="File/ImageHeight" value="3456"/>
                  <property name="File/ImageWidth" value="5184"/>
                </meta>
              </photo>
            </camera>
            <camera camera_id="7">
              <photo path="images/IMG_0376.JPG">
                <meta>
                  <property name="Exif/FocalLength" value="20.9324"/>
                  <property name="Exif/Model" value="Photomodeler imported project camera"/>
                  <property name="File/ImageHeight" value="3456"/>
                  <property name="File/ImageWidth" value="5184"/>
                </meta>
              </photo>
            </camera>
            <camera camera_id="8">
              <photo path="images/IMG_0377.JPG">
                <meta>
                  <property name="Exif/FocalLength" value="20.9324"/>
                  <property name="Exif/Model" value="Photomodeler imported project camera"/>
                  <property name="File/ImageHeight" value="3456"/>
                  <property name="File/ImageWidth" value="5184"/>
                </meta>
              </photo>
            </camera>
            <camera camera_id="9">
              <photo path="images/IMG_0378.JPG">
                <meta>
                  <property name="Exif/FocalLength" value="20.9324"/>
                  <property name="Exif/Model" value="Photomodeler imported project camera"/>
                  <property name="File/ImageHeight" value="3456"/>
                  <property name="File/ImageWidth" value="5184"/>
                </meta>
              </photo>
            </camera>
            <camera camera_id="10">
              <photo path="images/IMG_0379.JPG">
                <meta>
                  <property name="Exif/FocalLength" value="20.9324"/>
                  <property name="Exif/Model" value="Photomodeler imported project camera"/>
                  <property name="File/ImageHeight" value="3456"/>
                  <property name="File/ImageWidth" value="5184"/>
                </meta>
              </photo>
            </camera>
            <camera camera_id="11">
              <photo path="images/IMG_0380.JPG">
                <meta>
                  <property name="Exif/FocalLength" value="20.9324"/>
                  <property name="Exif/Model" value="Photomodeler imported project camera"/>
                  <property name="File/ImageHeight" value="3456"/>
                  <property name="File/ImageWidth" value="5184"/>
                </meta>
              </photo>
            </camera>
            <camera camera_id="12">
              <photo path="images/IMG_0381.JPG">
                <meta>
                  <property name="Exif/FocalLength" value="20.9324"/>
                  <property name="Exif/Model" value="Photomodeler imported project camera"/>
                  <property name="File/ImageHeight" value="3456"/>
                  <property name="File/ImageWidth" value="5184"/>
                </meta>
              </photo>
            </camera>
            <camera camera_id="13">
              <photo path="images/IMG_0382.JPG">
                <meta>
                  <property name="Exif/FocalLength" value="20.9324"/>
                  <property name="Exif/Model" value="Photomodeler imported project camera"/>
                  <property name="File/ImageHeight" value="3456"/>
                  <property name="File/ImageWidth" value="5184"/>
                </meta>
              </photo>
            </camera>
            <camera camera_id="14">
              <photo path="images/IMG_0383.JPG">
                <meta>
                  <property name="Exif/FocalLength" value="20.9324"/>
                  <property name="Exif/Model" value="Photomodeler imported project camera"/>
                  <property name="File/ImageHeight" value="3456"/>
                  <property name="File/ImageWidth" value="5184"/>
                </meta>
              </photo>
            </camera>
            <camera camera_id="15">
              <photo path="images/IMG_0384.JPG">
                <meta>
                  <property name="Exif/FocalLength" value="20.9324"/>
                  <property name="Exif/Model" value="Photomodeler imported project camera"/>
                  <property name="File/ImageHeight" value="3456"/>
                  <property name="File/ImageWidth" value="5184"/>
                </meta>
              </photo>
            </camera>
            <camera camera_id="16">
              <photo path="images/IMG_0389.JPG">
                <meta>
                  <property name="Exif/FocalLength" value="20.9324"/>
                  <property name="Exif/Model" value="Photomodeler imported project camera"/>
                  <property name="File/ImageHeight" value="3456"/>
                  <property name="File/ImageWidth" value="5184"/>
                </meta>
              </photo>
            </camera>
            <camera camera_id="17">
              <photo path="images/IMG_0395.JPG">
                <meta>
                  <property name="Exif/FocalLength" value="20.9324"/>
                  <property name="Exif/Model" value="Photomodeler imported project camera"/>
                  <property name="File/ImageHeight" value="3456"/>
                  <property name="File/ImageWidth" value="5184"/>
                </meta>
              </photo>
            </camera>
            <camera camera_id="18">
              <photo path="images/IMG_0397.JPG">
                <meta>
                  <property name="Exif/FocalLength" value="20.9324"/>
                  <property name="Exif/Model" value="Photomodeler imported project camera"/>
                  <property name="File/ImageHeight" value="3456"/>
                  <property name="File/ImageWidth" value="5184"/>
                </meta>
              </photo>
            </camera>
            <camera camera_id="19">
              <photo path="images/IMG_0399.JPG">
                <meta>
                  <property name="Exif/FocalLength" value="20.9324"/>
                  <property name="Exif/Model" value="Photomodeler imported project camera"/>
                  <property name="File/ImageHeight" value="3456"/>
                  <property name="File/ImageWidth" value="5184"/>
                </meta>
              </photo>
            </camera>
          </cameras>
          <markers>
            <marker marker_id="0">
              <location camera_id="0" pinned="true" x="1315.3486" y="505.91391"/>
              <location camera_id="1" pinned="true" x="4325.4497" y="604.73541"/>
              <location camera_id="2" pinned="true" x="531.71472" y="1344.5886"/>
              <location camera_id="3" pinned="true" x="2822.6455" y="235.72121"/>
              <location camera_id="4" pinned="true" x="825.8006" y="2782.3428"/>
              <location camera_id="5" pinned="true" x="2043.1003" y="264.95181"/>
              <location camera_id="6" pinned="true" x="2680.3015" y="3145.3318"/>
              <location camera_id="7" pinned="true" x="1509.0961" y="1735.8774"/>
              <location camera_id="8" pinned="true" x="4237.6143" y="2742.7234"/>
              <location camera_id="9" pinned="true" x="2056.5137" y="3256.4609"/>
              <location camera_id="10" pinned="true" x="4371.4497" y="1300.8676"/>
              <location camera_id="11" pinned="true" x="2876.5344" y="3278.3396"/>
              <location camera_id="12" pinned="true" x="3805.6628" y="425.32089"/>
              <location camera_id="13" pinned="true" x="4317.6318" y="2957.8159"/>
              <location camera_id="14" pinned="true" x="2524.8296" y="128.8365"/>
              <location camera_id="15" pinned="true" x="3958.5693" y="1700.4635"/>
              <location camera_id="16" pinned="true" x="2188.1082" y="404.25699"/>
              <location camera_id="17" pinned="true" x="580.33679" y="433.4169"/>
              <location camera_id="18" pinned="true" x="490.69431" y="2961.2444"/>
              <location camera_id="19" pinned="true" x="651.35571" y="2917.4661"/>
            </marker>
            <marker marker_id="1">
              <location camera_id="0" pinned="true" x="3730.0745" y="471.01569"/>
              <location camera_id="1" pinned="true" x="4413.5957" y="2894.5105"/>
              <location camera_id="2" pinned="true" x="2293.3145" y="194.714"/>
              <location camera_id="3" pinned="true" x="3891.8799" y="1657.4244"/>
              <location camera_id="4" pinned="true" x="1314.9742" y="353.6514"/>
              <location camera_id="5" pinned="true" x="4260.3955" y="580.50677"/>
              <location camera_id="6" pinned="true" x="666.5871" y="1341.7859"/>
              <location camera_id="7" pinned="true" x="2873.4778" y="98.556099"/>
              <location camera_id="8" pinned="true" x="755.69189" y="2802.8323"/>
              <location camera_id="9" pinned="true" x="1996.1661" y="259.19409"/>
              <location camera_id="10" pinned="true" x="2654.3511" y="3166.4597"/>
              <location camera_id="11" pinned="true" x="1370.343" y="1764.4974"/>
              <location camera_id="12" pinned="true" x="4364.791" y="2761.4434"/>
              <location camera_id="13" pinned="true" x="2070.2502" y="3290.2134"/>
              <location camera_id="14" pinned="true" x="4418.5713" y="1183.2355"/>
              <location camera_id="15" pinned="true" x="3026.8547" y="3268.9846"/>
              <location camera_id="16" pinned="true" x="4554.1274" y="419.24921"/>
              <location camera_id="17" pinned="true" x="3018.7778" y="406.5488"/>
              <location camera_id="18" pinned="true" x="485.18951" y="492.8613"/>
              <location camera_id="19" pinned="true" x="549.73871" y="449.28879"/>
            </marker>
            <marker marker_id="2">
              <location camera_id="0" pinned="true" x="792.47229" y="2782.259"/>
              <location camera_id="1" pinned="true" x="2251.3535" y="242.57359"/>
              <location camera_id="2" pinned="true" x="2477.8772" y="2959.0608"/>
              <location camera_id="3" pinned="true" x="1510.421" y="1785.8411"/>
              <location camera_id="4" pinned="true" x="4296.7725" y="2798.4116"/>
              <location camera_id="5" pinned="true" x="2038.0844" y="3212.0923"/>
              <location camera_id="6" pinned="true" x="4442.0527" y="1218.2133"/>
              <location camera_id="7" pinned="true" x="3139.7888" y="3174.5442"/>
              <location camera_id="8" pinned="true" x="3655.3328" y="512.81219"/>
              <location camera_id="9" pinned="true" x="4253.7788" y="2859.5989"/>
              <location camera_id="10" pinned="true" x="2470.7373" y="219.8672"/>
              <location camera_id="11" pinned="true" x="3899.2876" y="1716.4916"/>
              <location camera_id="12" pinned="true" x="1304.2324" y="410.25571"/>
              <location camera_id="13" pinned="true" x="4245.812" y="587.66589"/>
              <location camera_id="14" pinned="true" x="665.16339" y="1267.6957"/>
              <location camera_id="15" pinned="true" x="2880.3005" y="199.57111"/>
              <location camera_id="16" pinned="true" x="2191.1316" y="2853.2517"/>
              <location camera_id="17" pinned="true" x="577.44159" y="2928.8933"/>
              <location camera_id="18" pinned="true" x="2999.4106" y="3000.6167"/>
              <location camera_id="19" pinned="true" x="3062.8655" y="2768.3633"/>
            </marker>
            <marker marker_id="3">
              <location camera_id="0" pinned="true" x="4255.5073" y="2748.4558"/>
              <location camera_id="1" pinned="true" x="2307.0913" y="3281.3479"/>
              <location camera_id="2" pinned="true" x="4149.4004" y="1161.4388"/>
              <location camera_id="3" pinned="true" x="3012.9846" y="3210.1167"/>
              <location camera_id="4" pinned="true" x="3834.8521" y="379.9538"/>
              <location camera_id="5" pinned="true" x="4266.8369" y="2917.3545"/>
              <location camera_id="6" pinned="true" x="2519.9895" y="135.9812"/>
              <location camera_id="7" pinned="true" x="4054.9944" y="1564.8495"/>
              <location camera_id="8" pinned="true" x="1245.1368" y="515.82751"/>
              <location camera_id="9" pinned="true" x="4207.0713" y="549.13348"/>
              <location camera_id="10" pinned="true" x="660.08087" y="1392.5718"/>
              <location camera_id="11" pinned="true" x="2854.428" y="195.3877"/>
              <location camera_id="12" pinned="true" x="822.47083" y="2792.7258"/>
              <location camera_id="13" pinned="true" x="2047.5774" y="218.3071"/>
              <location camera_id="14" pinned="true" x="2616.1875" y="3039.1848"/>
              <location camera_id="15" pinned="true" x="1480.6704" y="1761.7305"/>
              <location camera_id="16" pinned="true" x="4603.6274" y="2818.876"/>
              <location camera_id="17" pinned="true" x="3079.0222" y="2868.6831"/>
              <location camera_id="18" pinned="true" x="2981.5315" y="420.49289"/>
              <location camera_id="19" pinned="true" x="3002.7336" y="453.48959"/>
            </marker>
          </markers>
          <point_cloud>
            <tracks path="tracks0.ply"/>
            <points path="points0.ply"/>
            <projections camera_id="0" path="projections0.ply"/>
            <projections camera_id="1" path="projections1.ply"/>
            <projections camera_id="2" path="projections2.ply"/>
            <projections camera_id="3" path="projections3.ply"/>
            <projections camera_id="4" path="projections4.ply"/>
            <projections camera_id="5" path="projections5.ply"/>
            <projections camera_id="6" path="projections6.ply"/>
            <projections camera_id="7" path="projections7.ply"/>
            <projections camera_id="8" path="projections8.ply"/>
            <projections camera_id="9" path="projections9.ply"/>
            <projections camera_id="10" path="projections10.ply"/>
            <projections camera_id="11" path="projections11.ply"/>
            <projections camera_id="12" path="projections12.ply"/>
            <projections camera_id="13" path="projections13.ply"/>
            <projections camera_id="14" path="projections14.ply"/>
            <projections camera_id="15" path="projections15.ply"/>
            <projections camera_id="16" path="projections16.ply"/>
            <projections camera_id="17" path="projections17.ply"/>
            <projections camera_id="18" path="projections18.ply"/>
            <projections camera_id="19" path="projections19.ply"/>
          </point_cloud>
        </frame>
      </frames>
      <transform>
        <rotation>-6.8077952775671699e-03 -9.9992215211146906e-01 1.0456750940273181e-02 -9.9737166124014365e-01 7.5440183376183417e-03 7.2061481683335579e-02 -7.2134757769987429e-02 -9.9386872417763870e-03 -9.9734537609464857e-01</rotation>
        <translation>4.7695126471043731e-01 1.4342439113215961e-02 1.8483383559975732e+00</translation>
        <scale>4.8339534031862114e-01</scale>
      </transform>
      <region>
        <center>5.0000000000000000e-01 4.9997000000000003e-01 -2.5000000000000066e-05</center>
        <size>1.2806600000000001e+00 1.2912200000000000e+00 1.0000000000000000e-02</size>
        <R>1.0000000000000000e+00 0.0000000000000000e+00 0.0000000000000000e+00 0.0000000000000000e+00 1.0000000000000000e+00 0.0000000000000000e+00 0.0000000000000000e+00 0.0000000000000000e+00 1.0000000000000000e+00</R>
      </region>
      <settings>
        <property name="accuracy_tiepoints" value="1"/>
        <property name="accuracy_cameras" value="10"/>
        <property name="accuracy_cameras_ypr" value="2"/>
        <property name="accuracy_markers" value="0.0050000000000000001"/>
        <property name="accuracy_scalebars" value="0.001"/>
        <property name="accuracy_projections" value="0.10000000000000001"/>
      </settings>
      <meta>
        <property name="align/duration" value="1.876369"/>
      </meta>
    </chunk>
  </chunks>
</document>
