<?xml version="1.0" encoding="UTF-8"?>
<document version="1.2.0">
  <chunks next_id="1">
    <chunk id="0" label="Chunk 1 (imported)" enabled="true">
      <sensors next_id="1">
        <sensor id="0" label="Photomodeler imported project camera" type="frame">
          <resolution width="5184" height="3456"/>
          <property name="pixel_width" value="0.0043729745370370372"/>
          <property name="pixel_height" value="0.0043729745370370372"/>
          <property name="focal_length" value="20.932400000000001"/>
          <property name="fixed" value="true"/>
          <bands>
            <band label="Red"/>
            <band label="Green"/>
            <band label="Blue"/>
          </bands>
          <calibration type="frame" class="initial">
            <resolution width="5184" height="3456"/>
            <fx>4786.7646661814333</fx>
            <fy>4786.7646661814333</fy>
            <cx>2582.9786806061006</cx>
            <cy>1719.836220472441</cy>
          </calibration>
        </sensor>
      </sensors>
      <cameras next_id="20" next_group_id="0">
        <camera id="0" label="IMG_0369.JPG" sensor_id="0" enabled="true">
          <transform>9.9999336235613301e-01 1.3764471581195785e-03 -3.3735199564363951e-03 -1.1518614136466265e+00 -3.0227916363648275e-03 8.3035037629551256e-01 -5.5723344777267603e-01 4.0157265270572919e+00 2.0342011696715076e-03 5.5723994650340847e-01 8.3034902543838740e-01 2.4240553523884603e+00 0.0000000000000000e+00 0.0000000000000000e+00 0.0000000000000000e+00 1.0000000000000000e+00</transform>
          <orientation>1</orientation>
        </camera>
        <camera id="1" label="IMG_0370.JPG" sensor_id="0" enabled="true">
          <transform>8.9309242047601045e-03 9.9923156768700450e-01 -3.8164286061971864e-02 -1.0250729759280222e+00 -8.8888625528751719e-01 -9.5490899734418933e-03 -4.5802842711082198e-01 4.4741130251451082e+00 -4.5804089746853749e-01 3.8014326489500039e-02 8.8811792416759938e-01 1.9008342856710987e+00 0.0000000000000000e+00 0.0000000000000000e+00 0.0000000000000000e+00 1.0000000000000000e+00</transform>
          <orientation>1</orientation>
        </camera>
        <camera id="2" label="IMG_0371.JPG" sensor_id="0" enabled="true">
          <transform>6.6027659364199331e-01 -5.8226617009589143e-01 4.7434262622116113e-01 -5.0355932720333145e+00 7.5008483690903482e-01 5.4282335541666871e-01 -3.7777710657653063e-01 3.4067315691549283e+00 -3.7517426986301505e-02 6.0523459251438283e-01 7.9516258129786033e-01 2.2470423288716503e+00 0.0000000000000000e+00 0.0000000000000000e+00 0.0000000000000000e+00 1.0000000000000000e+00</transform>
          <orientation>1</orientation>
        </camera>
        <camera id="3" label="IMG_0372.JPG" sensor_id="0" enabled="true">
          <transform>6.0923264027497970e-01 6.8396485841234900e-01 4.0128252202226888e-01 -5.3050343231513333e+00 -5.5839135636693693e-01 7.2932200978819728e-01 -3.9533340255181731e-01 3.8906607283944221e+00 -5.6305833015618356e-01 1.6777320867175149e-02 8.2624683863010950e-01 6.0971675160352201e-01 0.0000000000000000e+00 0.0000000000000000e+00 0.0000000000000000e+00 1.0000000000000000e+00</transform>
          <orientation>1</orientation>
        </camera>
        <camera id="4" label="IMG_0373.JPG" sensor_id="0" enabled="true">
          <transform>1.2022809710421301e-02 -8.4342616813838045e-01 5.3711055747031777e-01 -5.2021628479840363e+00 9.9873410825438380e-01 3.6366832693487602e-02 3.4751035799886587e-02 -2.8328629607768324e-01 -4.8842942744966894e-02 5.3601282855847066e-01 8.4279571342334192e-01 2.4767545595573770e+00 0.0000000000000000e+00 0.0000000000000000e+00 0.0000000000000000e+00 1.0000000000000000e+00</transform>
          <orientation>1</orientation>
        </camera>
        <camera id="5" label="IMG_0374.JPG" sensor_id="0" enabled="true">
          <transform>9.0032017008706766e-01 1.6301135832148827e-02 4.3492282568862189e-01 -5.4460537967119258e+00 -2.6691276803414276e-02 9.9948538596952829e-01 1.7791542258795732e-02 -2.1850518129951929e-01 -4.3440898595332605e-01 -2.7626729881128329e-02 9.0029195082433022e-01 1.6137019413397731e+00 0.0000000000000000e+00 0.0000000000000000e+00 0.0000000000000000e+00 1.0000000000000000e+00</transform>
          <orientation>1</orientation>
        </camera>
        <camera id="6" label="IMG_0375.JPG" sensor_id="0" enabled="true">
          <transform>-7.2953310944197258e-01 -5.4575167926567469e-01 4.1223360708052770e-01 -4.5915371787526560e+00 6.8366633605373739e-01 -5.6467150260060039e-01 4.6232719484974949e-01 -3.7740191565419159e+00 -1.9539272626812543e-02 6.1911323578928290e-01 7.8505860806422478e-01 2.5531872154168598e+00 0.0000000000000000e+00 0.0000000000000000e+00 0.0000000000000000e+00 1.0000000000000000e+00</transform>
          <orientation>1</orientation>
        </camera>
        <camera id="7" label="IMG_0376.JPG" sensor_id="0" enabled="true">
          <transform>5.3980739796059163e-01 -7.4288652329102245e-01 3.9588835120472121e-01 -5.2841468813132835e+00 6.3117108405994826e-01 6.6837083744271497e-01 3.9357780209599413e-01 -3.9308747280036633e+00 -5.5698387387213033e-01 3.7417070552102083e-02 8.2968001487181420e-01 9.2646688872513960e-01 0.0000000000000000e+00 0.0000000000000000e+00 0.0000000000000000e+00 1.0000000000000000e+00</transform>
          <orientation>1</orientation>
        </camera>
        <camera id="8" label="IMG_0377.JPG" sensor_id="0" enabled="true">
          <transform>-9.9963326767046701e-01 7.3169492828304506e-03 -2.6072829145625379e-02 -1.2185578276139670e+00 -2.2127118482338254e-02 -7.7575038043310807e-01 6.3065183571092287e-01 -4.6421955017193914e+00 -1.5611559631665576e-02 6.3099747187376332e-01 7.7562779069266674e-01 2.8136525483162109e+00 0.0000000000000000e+00 0.0000000000000000e+00 0.0000000000000000e+00 1.0000000000000000e+00</transform>
          <orientation>1</orientation>
        </camera>
        <camera id="9" label="IMG_0378.JPG" sensor_id="0" enabled="true">
          <transform>-1.5655214276827902e-02 -9.9982124617215451e-01 1.0601413523997294e-02 -1.3099868177986962e+00 8.7302795746645656e-01 -8.4997514032137123e-03 4.8759608253966769e-01 -4.5797139677752146e+00 -4.8741881349399457e-01 1.6888751547812969e-02 8.7300496580676024e-01 1.8933016764542592e+00 0.0000000000000000e+00 0.0000000000000000e+00 0.0000000000000000e+00 1.0000000000000000e+00</transform>
          <orientation>1</orientation>
        </camera>
        <camera id="10" label="IMG_0379.JPG" sensor_id="0" enabled="true">
          <transform>-6.7813389876216545e-01 5.8362096383306361e-01 -4.4667772042513032e-01 2.3040516405142619e+00 -7.3476763677458856e-01 -5.2528686804985025e-01 4.2917388807226531e-01 -3.5714540086510000e+00 1.5840937418955536e-02 6.1924169500199588e-01 7.8504062816693965e-01 2.3984361338169524e+00 0.0000000000000000e+00 0.0000000000000000e+00 0.0000000000000000e+00 1.0000000000000000e+00</transform>
          <orientation>1</orientation>
        </camera>
        <camera id="11" label="IMG_0380.JPG" sensor_id="0" enabled="true">
          <transform>-5.8932795215827538e-01 -7.0584541556411562e-01 -3.9303284103501412e-01 2.5385513785879561e+00 5.6244415805291492e-01 -7.0769030847020908e-01 4.2758741371734516e-01 -4.1268724019001235e+00 -5.7995614823629660e-01 3.0930189531612695e-02 8.1406031072547569e-01 9.1055797227455859e-01 0.0000000000000000e+00 0.0000000000000000e+00 0.0000000000000000e+00 1.0000000000000000e+00</transform>
          <orientation>1</orientation>
        </camera>
        <camera id="12" label="IMG_0381.JPG" sensor_id="0" enabled="true">
          <transform>6.0549386072526468e-03 8.2636546191248939e-01 -5.6310164364581672e-01 2.8135465055029916e+00 -9.9981550450515710e-01 1.5267981259571656e-02 1.1655286326614223e-02 -1.5550592008380865e-01 1.8228951411433270e-02 5.6292718188626800e-01 8.2630544789685600e-01 2.6167504628132972e+00 0.0000000000000000e+00 0.0000000000000000e+00 0.0000000000000000e+00 1.0000000000000000e+00</transform>
          <orientation>1</orientation>
        </camera>
        <camera id="13" label="IMG_0382.JPG" sensor_id="0" enabled="true">
          <transform>-8.9096257542203072e-01 -2.2299854500497467e-02 -4.5352883666487931e-01 2.9766194612487262e+00 -2.0873420656835711e-02 -9.9572611445990633e-01 8.9965578376734370e-02 -6.7111930739709069e-01 -4.5359672563569609e-01 8.9622661597579187e-02 8.8668922911059456e-01 1.9165508419923576e+00 0.0000000000000000e+00 0.0000000000000000e+00 0.0000000000000000e+00 1.0000000000000000e+00</transform>
          <orientation>1</orientation>
        </camera>
        <camera id="14" label="IMG_0383.JPG" sensor_id="0" enabled="true">
          <transform>7.1937614355354917e-01 5.5450176352507374e-01 -4.1836079923148467e-01 2.2071685457680421e+00 -6.9425860566161490e-01 5.9340962211911841e-01 -4.0727141913131515e-01 3.2744533913106988e+00 2.2426603639734033e-02 5.8343192801219601e-01 8.1185234668944450e-01 2.3506225941643857e+00 0.0000000000000000e+00 0.0000000000000000e+00 0.0000000000000000e+00 1.0000000000000000e+00</transform>
          <orientation>1</orientation>
        </camera>
        <camera id="15" label="IMG_0384.JPG" sensor_id="0" enabled="true">
          <transform>-5.6048130315800593e-01 7.1370101694066079e-01 -4.2010899446235395e-01 2.8315022989570866e+00 -6.2808538983304674e-01 -6.9695406855837927e-01 -3.4606902403738998e-01 3.4057482153950653e+00 -5.3978648731565448e-01 6.9899103984161270e-02 8.3889490603629158e-01 7.3898837805888073e-01 0.0000000000000000e+00 0.0000000000000000e+00 0.0000000000000000e+00 1.0000000000000000e+00</transform>
          <orientation>1</orientation>
        </camera>
        <camera id="16" label="IMG_0389.JPG" sensor_id="0" enabled="true">
          <transform>9.9825060769899399e-01 6.0932281893750139e-03 5.8809835902010402e-02 -3.0830439082592935e+00 -6.3170299630848853e-03 9.9997349373990407e-01 3.6203522004923652e-03 7.1461769459592872e-02 -5.8786217441120281e-02 -3.9855222797429988e-03 9.9826263891378952e-01 -6.6120255204032988e-02 0.0000000000000000e+00 0.0000000000000000e+00 0.0000000000000000e+00 1.0000000000000000e+00</transform>
          <orientation>1</orientation>
        </camera>
        <camera id="17" label="IMG_0395.JPG" sensor_id="0" enabled="true">
          <transform>9.9964248460361793e-01 -7.5744002085234990e-03 2.5642375806203231e-02 -2.2112598359138705e-01 7.7686022970766232e-03 9.9994182991713054e-01 -7.4823525932784778e-03 1.0478687408814588e-01 -2.5584209854034839e-02 7.6788829566157950e-03 9.9964317782030765e-01 -1.4216061148269812e-02 0.0000000000000000e+00 0.0000000000000000e+00 0.0000000000000000e+00 1.0000000000000000e+00</transform>
          <orientation>1</orientation>
        </camera>
        <camera id="18" label="IMG_0397.JPG" sensor_id="0" enabled="true">
          <transform>4.5884366743837619e-03 -9.9983881446715805e-01 1.7357745642598541e-02 -1.3937745446698540e+00 9.9944016656299028e-01 4.0099669688311648e-03 -3.3215563000663591e-02 1.5439537428120989e+00 3.3140605145762489e-02 1.7500435703629254e-02 9.9929747074670205e-01 2.4561327289470797e-01 0.0000000000000000e+00 0.0000000000000000e+00 0.0000000000000000e+00 1.0000000000000000e+00</transform>
          <orientation>1</orientation>
        </camera>
        <camera id="19" label="IMG_0399.JPG" sensor_id="0" enabled="true">
          <transform>-1.9897488551538688e-02 -9.9959727882601435e-01 -2.0232896801213471e-02 -1.2321738412075331e+00 9.8567324817976099e-01 -2.3002404637002351e-02 1.6709020678566078e-01 -2.2722192623270299e-01 -1.6748832130062280e-01 -1.6618349633546081e-02 9.8573398677501023e-01 -3.2594073791612355e-01 0.0000000000000000e+00 0.0000000000000000e+00 0.0000000000000000e+00 1.0000000000000000e+00</transform>
          <orientation>1</orientation>
        </camera>
      </cameras>
      <markers next_id="5">
        <marker id="0" label="CP1">
          <reference x="0" y="1" z="0" sxyz="9.9999999999999995e-07" enabled="true"/>
        </marker>
        <marker id="1" label="CP2">
          <reference x="1" y="1" z="0" sxyz="9.9999999999999995e-07" enabled="true"/>
        </marker>
        <marker id="2" label="CP3">
          <reference x="0" y="0" z="0" sxyz="9.9999999999999995e-07" enabled="true"/>
        </marker>
        <marker id="3" label="CP4">
          <reference x="1" y="0" z="0" sxyz="9.9999999999999995e-07" enabled="true"/>
        </marker>
      </markers>
      <frames next_id="1">
        <frame id="0">
          <cameras>
            <camera camera_id="0">
              <photo path="images/IMG_0369.JPG">
                <meta>
                  <property name="Exif/FocalLength" value="20.9324"/>
                  <property name="Exif/Model" value="Photomodeler imported project camera"/>
                  <property name="File/ImageHeight" value="3456"/>
                  <property name="File/ImageWidth" value="5184"/>
                </meta>
              </photo>
            </camera>
            <camera camera_id="1">
              <photo path="images/IMG_0370.JPG">
                <meta>
                  <property name="Exif/FocalLength" value="20.9324"/>
                  <property name="Exif/Model" value="Photomodeler imported project camera"/>
                  <property name="File/ImageHeight" value="3456"/>
                  <property name="File/ImageWidth" value="5184"/>
                </meta>
              </photo>
            </camera>
            <camera camera_id="2">
              <photo path="images/IMG_0371.JPG">
                <meta>
                  <property name="Exif/FocalLength" value="20.9324"/>
                  <property name="Exif/Model" value="Photomodeler imported project camera"/>
                  <property name="File/ImageHeight" value="3456"/>
                  <property name="File/ImageWidth" value="5184"/>
                </meta>
              </photo>
            </camera>
            <camera camera_id="3">
              <photo path="images/IMG_0372.JPG">
                <meta>
                  <property name="Exif/FocalLength" value="20.9324"/>
                  <property name="Exif/Model" value="Photomodeler imported project camera"/>
                  <property name="File/ImageHeight" value="3456"/>
                  <property name="File/ImageWidth" value="5184"/>
                </meta>
              </photo>
            </camera>
            <camera camera_id="4">
              <photo path="images/IMG_0373.JPG">
                <meta>
                  <property name="Exif/FocalLength" value="20.9324"/>
                  <property name="Exif/Model" value="Photomodeler imported project camera"/>
                  <property name="File/ImageHeight" value="3456"/>
                  <property name="File/ImageWidth" value="5184"/>
                </meta>
              </photo>
            </camera>
            <camera camera_id="5">
              <photo path="images/IMG_0374.JPG">
                <meta>
                  <property name="Exif/FocalLength" value="20.9324"/>
                  <property name="Exif/Model" value="Photomodeler imported project camera"/>
                  <property name="File/ImageHeight" value="3456"/>
                  <property name="File/ImageWidth" value="5184"/>
                </meta>
              </photo>
            </camera>
            <camera camera_id="6">
              <photo path="images/IMG_0375.JPG">
                <meta>
                  <property name="Exif/FocalLength" value="20.9324"/>
                  <property name="Exif/Model" value="Photomodeler imported project camera"/>
                  <property name="File/ImageHeight" value="3456"/>
                  <property name="File/ImageWidth" value="5184"/>
                </meta>
              </photo>
            </camera>
            <camera camera_id="7">
              <photo path="images/IMG_0376.JPG">
                <meta>
                  <property name="Exif/FocalLength" value="20.9324"/>
                  <property name="Exif/Model" value="Photomodeler imported project camera"/>
                  <property name="File/ImageHeight" value="3456"/>
                  <property name="File/ImageWidth" value="5184"/>
                </meta>
              </photo>
            </camera>
            <camera camera_id="8">
              <photo path="images/IMG_0377.JPG">
                <meta>
                  <property name="Exif/FocalLength" value="20.9324"/>
                  <property name="Exif/Model" value="Photomodeler imported project camera"/>
                  <property name="File/ImageHeight" value="3456"/>
                  <property name="File/ImageWidth" value="5184"/>
                </meta>
              </photo>
            </camera>
            <camera camera_id="9">
              <photo path="images/IMG_0378.JPG">
                <meta>
                  <property name="Exif/FocalLength" value="20.9324"/>
                  <property name="Exif/Model" value="Photomodeler imported project camera"/>
                  <property name="File/ImageHeight" value="3456"/>
                  <property name="File/ImageWidth" value="5184"/>
                </meta>
              </photo>
            </camera>
            <camera camera_id="10">
              <photo path="images/IMG_0379.JPG">
                <meta>
                  <property name="Exif/FocalLength" value="20.9324"/>
                  <property name="Exif/Model" value="Photomodeler imported project camera"/>
                  <property name="File/ImageHeight" value="3456"/>
                  <property name="File/ImageWidth" value="5184"/>
                </meta>
              </photo>
            </camera>
            <camera camera_id="11">
              <photo path="images/IMG_0380.JPG">
                <meta>
                  <property name="Exif/FocalLength" value="20.9324"/>
                  <property name="Exif/Model" value="Photomodeler imported project camera"/>
                  <property name="File/ImageHeight" value="3456"/>
                  <property name="File/ImageWidth" value="5184"/>
                </meta>
              </photo>
            </camera>
            <camera camera_id="12">
              <photo path="images/IMG_0381.JPG">
                <meta>
                  <property name="Exif/FocalLength" value="20.9324"/>
                  <property name="Exif/Model" value="Photomodeler imported project camera"/>
                  <property name="File/ImageHeight" value="3456"/>
                  <property name="File/ImageWidth" value="5184"/>
                </meta>
              </photo>
            </camera>
            <camera camera_id="13">
              <photo path="images/IMG_0382.JPG">
                <meta>
                  <property name="Exif/FocalLength" value="20.9324"/>
                  <property name="Exif/Model" value="Photomodeler imported project camera"/>
                  <property name="File/ImageHeight" value="3456"/>
                  <property name="File/ImageWidth" value="5184"/>
                </meta>
              </photo>
            </camera>
            <camera camera_id="14">
              <photo path="images/IMG_0383.JPG">
                <meta>
                  <property name="Exif/FocalLength" value="20.9324"/>
                  <property name="Exif/Model" value="Photomodeler imported project camera"/>
                  <property name="File/ImageHeight" value="3456"/>
                  <property name="File/ImageWidth" value="5184"/>
                </meta>
              </photo>
            </camera>
            <camera camera_id="15">
              <photo path="images/IMG_0384.JPG">
                <meta>
                  <property name="Exif/FocalLength" value="20.9324"/>
                  <property name="Exif/Model" value="Photomodeler imported project camera"/>
                  <property name="File/ImageHeight" value="3456"/>
                  <property name="File/ImageWidth" value="5184"/>
                </meta>
              </photo>
            </camera>
            <camera camera_id="16">
              <photo path="images/IMG_0389.JPG">
                <meta>
                  <property name="Exif/FocalLength" value="20.9324"/>
                  <property name="Exif/Model" value="Photomodeler imported project camera"/>
                  <property name="File/ImageHeight" value="3456"/>
                  <property name="File/ImageWidth" value="5184"/>
                </meta>
              </photo>
            </camera>
            <camera camera_id="17">
              <photo path="images/IMG_0395.JPG">
                <meta>
                  <property name="Exif/FocalLength" value="20.9324"/>
                  <property name="Exif/Model" value="Photomodeler imported project camera"/>
                  <property name="File/ImageHeight" value="3456"/>
                  <property name="File/ImageWidth" value="5184"/>
                </meta>
              </photo>
            </camera>
            <camera camera_id="18">
              <photo path="images/IMG_0397.JPG">
                <meta>
                  <property name="Exif/FocalLength" value="20.9324"/>
                  <property name="Exif/Model" value="Photomodeler imported project camera"/>
                  <property name="File/ImageHeight" value="3456"/>
                  <property name="File/ImageWidth" value="5184"/>
                </meta>
              </photo>
            </camera>
            <camera camera_id="19">
              <photo path="images/IMG_0399.JPG">
                <meta>
                  <property name="Exif/FocalLength" value="20.9324"/>
                  <property name="Exif/Model" value="Photomodeler imported project camera"/>
                  <property name="File/ImageHeight" value="3456"/>
                  <property name="File/ImageWidth" value="5184"/>
                </meta>
              </photo>
            </camera>
          </cameras>
          <markers>
            <marker marker_id="0">
              <location camera_id="0" pinned="true" x="1315.3486" y="505.91391"/>
              <location camera_id="1" pinned="true" x="4325.4497" y="604.73541"/>
              <location camera_id="2" pinned="true" x="531.71472" y="1344.5886"/>
              <location camera_id="3" pinned="true" x="2822.6455" y="235.72121"/>
              <location camera_id="4" pinned="true" x="825.8006" y="2782.3428"/>
              <location camera_id="5" pinned="true" x="2043.1003" y="264.95181"/>
              <location camera_id="6" pinned="true" x="2680.3015" y="3145.3318"/>
              <location camera_id="7" pinned="true" x="1509.0961" y="1735.8774"/>
              <location camera_id="8" pinned="true" x="4237.6143" y="2742.7234"/>
              <location camera_id="9" pinned="true" x="2056.5137" y="3256.4609"/>
              <location camera_id="10" pinned="true" x="4371.4497" y="1300.8676"/>
              <location camera_id="11" pinned="true" x="2876.5344" y="3278.3396"/>
              <location camera_id="12" pinned="true" x="3805.6628" y="425.32089"/>
              <location camera_id="13" pinned="true" x="4317.6318" y="2957.8159"/>
              <location camera_id="14" pinned="true" x="2524.8296" y="128.8365"/>
              <location camera_id="15" pinned="true" x="3958.5693" y="1700.4635"/>
              <location camera_id="16" pinned="true" x="2188.1082" y="404.25699"/>
              <location camera_id="17" pinned="true" x="580.33679" y="433.4169"/>
              <location camera_id="18" pinned="true" x="490.69431" y="2961.2444"/>
              <location camera_id="19" pinned="true" x="651.35571" y="2917.4661"/>
            </marker>
            <marker marker_id="1">
              <location camera_id="0" pinned="true" x="3730.0745" y="471.01569"/>
              <location camera_id="1" pinned="true" x="4413.5957" y="2894.5105"/>
              <location camera_id="2" pinned="true" x="2293.3145" y="194.714"/>
              <location camera_id="3" pinned="true" x="3891.8799" y="1657.4244"/>
              <location camera_id="4" pinned="true" x="1314.9742" y="353.6514"/>
              <location camera_id="5" pinned="true" x="4260.3955" y="580.50677"/>
              <location camera_id="6" pinned="true" x="666.5871" y="1341.7859"/>
              <location camera_id="7" pinned="true" x="2873.4778" y="98.556099"/>
              <location camera_id="8" pinned="true" x="755.69189" y="2802.8323"/>
              <location camera_id="9" pinned="true" x="1996.1661" y="259.19409"/>
              <location camera_id="10" pinned="true" x="2654.3511" y="3166.4597"/>
              <location camera_id="11" pinned="true" x="1370.343" y="1764.4974"/>
              <location camera_id="12" pinned="true" x="4364.791" y="2761.4434"/>
              <location camera_id="13" pinned="true" x="2070.2502" y="3290.2134"/>
              <location camera_id="14" pinned="true" x="4418.5713" y="1183.2355"/>
              <location camera_id="15" pinned="true" x="3026.8547" y="3268.9846"/>
              <location camera_id="16" pinned="true" x="4554.1274" y="419.24921"/>
              <location camera_id="17" pinned="true" x="3018.7778" y="406.5488"/>
              <location camera_id="18" pinned="true" x="485.18951" y="492.8613"/>
              <location camera_id="19" pinned="true" x="549.73871" y="449.28879"/>
            </marker>
            <marker marker_id="2">
              <location camera_id="0" pinned="true" x="792.47229" y="2782.259"/>
              <location camera_id="1" pinned="true" x="2251.3535" y="242.57359"/>
              <location camera_id="2" pinned="true" x="2477.8772" y="2959.0608"/>
              <location camera_id="3" pinned="true" x="1510.421" y="1785.8411"/>
              <location camera_id="4" pinned="true" x="4296.7725" y="2798.4116"/>
              <location camera_id="5" pinned="true" x="2038.0844" y="3212.0923"/>
              <location camera_id="6" pinned="true" x="4442.0527" y="1218.2133"/>
              <location camera_id="7" pinned="true" x="3139.7888" y="3174.5442"/>
              <location camera_id="8" pinned="true" x="3655.3328" y="512.81219"/>
              <location camera_id="9" pinned="true" x="4253.7788" y="2859.5989"/>
              <location camera_id="10" pinned="true" x="2470.7373" y="219.8672"/>
              <location camera_id="11" pinned="true" x="3899.2876" y="1716.4916"/>
              <location camera_id="12" pinned="true" x="1304.2324" y="410.25571"/>
              <location camera_id="13" pinned="true" x="4245.812" y="587.66589"/>
              <location camera_id="14" pinned="true" x="665.16339" y="1267.6957"/>
              <location camera_id="15" pinned="true" x="2880.3005" y="199.57111"/>
              <location camera_id="16" pinned="true" x="2191.1316" y="2853.2517"/>
              <location camera_id="17" pinned="true" x="577.44159" y="2928.8933"/>
              <location camera_id="18" pinned="true" x="2999.4106" y="3000.6167"/>
              <location camera_id="19" pinned="true" x="3062.8655" y="2768.3633"/>
            </marker>
            <marker marker_id="3">
              <location camera_id="0" pinned="true" x="4255.5073" y="2748.4558"/>
              <location camera_id="1" pinned="true" x="2307.0913" y="3281.3479"/>
              <location camera_id="2" pinned="true" x="4149.4004" y="1161.4388"/>
              <location camera_id="3" pinned="true" x="3012.9846" y="3210.1167"/>
              <location camera_id="4" pinned="true" x="3834.8521" y="379.9538"/>
              <location camera_id="5" pinned="true" x="4266.8369" y="2917.3545"/>
              <location camera_id="6" pinned="true" x="2519.9895" y="135.9812"/>
              <location camera_id="7" pinned="true" x="4054.9944" y="1564.8495"/>
              <location camera_id="8" pinned="true" x="1245.1368" y="515.82751"/>
              <location camera_id="9" pinned="true" x="4207.0713" y="549.13348"/>
              <location camera_id="10" pinned="true" x="660.08087" y="1392.5718"/>
              <location camera_id="11" pinned="true" x="2854.428" y="195.3877"/>
              <location camera_id="12" pinned="true" x="822.47083" y="2792.7258"/>
              <location camera_id="13" pinned="true" x="2047.5774" y="218.3071"/>
              <location camera_id="14" pinned="true" x="2616.1875" y="3039.1848"/>
              <location camera_id="15" pinned="true" x="1480.6704" y="1761.7305"/>
              <location camera_id="16" pinned="true" x="4603.6274" y="2818.876"/>
              <location camera_id="17" pinned="true" x="3079.0222" y="2868.6831"/>
              <location camera_id="18" pinned="true" x="2981.5315" y="420.49289"/>
              <location camera_id="19" pinned="true" x="3002.7336" y="453.48959"/>
            </marker>
          </markers>
          <point_cloud>
            <tracks path="tracks0.ply"/>
            <points path="points0.ply"/>
            <projections camera_id="0" path="projections0.ply"/>
            <projections camera_id="1" path="projections1.ply"/>
            <projections camera_id="2" path="projections2.ply"/>
            <projections camera_id="3" path="projections3.ply"/>
            <projections camera_id="4" path="projections4.ply"/>
            <projections camera_id="5" path="projections5.ply"/>
            <projections camera_id="6" path="projections6.ply"/>
            <projections camera_id="7" path="projections7.ply"/>
            <projections camera_id="8" path="projections8.ply"/>
            <projections camera_id="9" path="projections9.ply"/>
            <projections camera_id="10" path="projections10.ply"/>
            <projections camera_id="11" path="projections11.ply"/>
            <projections camera_id="12" path="projections12.ply"/>
            <projections camera_id="13" path="projections13.ply"/>
            <projections camera_id="14" path="projections14.ply"/>
            <projections camera_id="15" path="projections15.ply"/>
            <projections camera_id="16" path="projections16.ply"/>
            <projections camera_id="17" path="projections17.ply"/>
            <projections camera_id="18" path="projections18.ply"/>
            <projections camera_id="19" path="projections19.ply"/>
          </point_cloud>
        </frame>
      </frames>
      <transform>
        <rotation>9.9990897048708693e-01 -1.0342706671098521e-02 -8.6648230316301606e-03 -1.0004473240484582e-02 -9.9921968966987418e-01 3.8208929469701329e-02 -9.0532455304316722e-03 -3.8118764339309316e-02 -9.9923220452035566e-01</rotation>
        <translation>8.3036940549167115e-01 4.0166793049919192e-01 1.9335773204280691e+00</translation>
        <scale>2.4867959168886375e-01</scale>
      </transform>
      <region>
        <center>5.0000000000000000e-01 4.9997000000000003e-01 -2.5000000000000066e-05</center>
        <size>1.2806600000000001e+00 1.2912200000000000e+00 1.0000000000000000e-02</size>
        <R>1.0000000000000000e+00 0.0000000000000000e+00 0.0000000000000000e+00 0.0000000000000000e+00 1.0000000000000000e+00 0.0000000000000000e+00 0.0000000000000000e+00 0.0000000000000000e+00 1.0000000000000000e+00</R>
      </region>
      <settings>
        <property name="accuracy_tiepoints" value="1"/>
        <property name="accuracy_cameras" value="10"/>
        <property name="accuracy_cameras_ypr" value="2"/>
        <property name="accuracy_markers" value="0.0050000000000000001"/>
        <property name="accuracy_scalebars" value="0.001"/>
        <property name="accuracy_projections" value="0.10000000000000001"/>
      </settings>
      <meta>
        <property name="align/duration" value="2.145891"/>
      </meta>
    </chunk>
  </chunks>
</document>
