<?xml version="1.0" encoding="utf-8"?>
<document version="1.2.0">
   <chunks next_id="1">
      <chunk enabled="true" id="0" label="Chunk 1 (imported)">
         <sensors next_id="1">
            <sensor id="0" label="Photomodeler imported project camera" type="frame">
               <resolution height="1704" width="2272"/>
               <property name="pixel_width" value="0.003192429577464789"/>
               <property name="pixel_height" value="0.003192429577464789"/>
               <property name="focal_length" value="7.4693"/>
               <property name="fixed" value="true"/>
               <bands>
                  <band label="Red"/>
                  <band label="Green"/>
                  <band label="Blue"/>
               </bands>
               <calibration class="initial" type="frame">
                  <resolution height="1704" width="2272"/>
                  <fx>2339.6913913858711567</fx>
                  <fy>2339.6913913858707019</fy>
                  <cx>1133.2434787404179133</cx>
                  <cy>817.1519329399437765</cy>
               </calibration>
            </sensor>
         </sensors>
         <cameras next_group_id="0" next_id="4">
            <camera enabled="true" id="0" label="P8250021.JPG" sensor_id="0">
               <transform>-9.9978710947983718e-01 2.8442887046534263e-03 -2.0436382745404900e-02 -4.5000000000000005e-02 -1.5178908355134682e-02 -7.7228346429570283e-01 6.3509672611073509e-01 1.2940000000000000e+00 -1.3976282019855086e-02 6.3527172201916260e-01 7.7216222566485926e-01 1.4700000000000000e+00 0.0000000000000000e+00 0.0000000000000000e+00 0.0000000000000000e+00 1.0000000000000000e+00 </transform>
               <orientation>1</orientation>
            </camera>
            <camera enabled="true" id="1" label="P8250022.JPG" sensor_id="0">
               <transform>-2.0933054451451466e-03 9.9947826558475639e-01 -3.2230648395591387e-02 -2.8999999999999995e-02 -7.6862658247694926e-01 1.9009714540635374e-02 6.3941520740664992e-01 1.5279999999999998e+00 6.3969429791277543e-01 2.6111824462692515e-02 7.6818577039744140e-01 1.6389999999999996e+00 0.0000000000000000e+00 0.0000000000000000e+00 0.0000000000000000e+00 1.0000000000000000e+00 </transform>
               <orientation>1</orientation>
            </camera>
            <camera enabled="true" id="2" label="P8250023.JPG" sensor_id="0">
               <transform>-6.9067019236955240e-01 5.4258703899805760e-01 -4.7809412303805388e-01 -1.1450000000000000e+00 -7.2133742688831237e-01 -5.6392353732929257e-01 4.0207282998999905e-01 9.6700000000000019e-01 -5.1449022754122331e-02 6.2256690335845699e-01 7.8087351658274828e-01 1.5820000000000001e+00 0.0000000000000000e+00 0.0000000000000000e+00 0.0000000000000000e+00 1.0000000000000000e+00 </transform>
               <orientation>1</orientation>
            </camera>
            <camera enabled="true" id="3" label="P8250024.JPG" sensor_id="0">
               <transform>5.5729902774279694e-01 6.5905425350072377e-01 -5.0503988418691959e-01 -1.1439999999999997e+00 -5.1479665405384978e-01 7.5149481739232660e-01 4.1260143529492738e-01 9.9099999999999977e-01 6.5146158647451669e-01 3.0050463808024563e-02 7.5808625562862464e-01 1.6379999999999997e+00 0.0000000000000000e+00 0.0000000000000000e+00 0.0000000000000000e+00 1.0000000000000000e+00 </transform>
               <orientation>1</orientation>
            </camera>
         </cameras>
         <markers next_id="1005">
            <marker id="1001" label="CP1001">
               <reference enabled="true" sx="0.011383" sy="0.011383" sz="0.013941" x="-0.4999" y="0.50016" z="-0.00066"/>
            </marker>
            <marker id="1002" label="CP1002">
               <reference enabled="true" sx="0.011382" sy="0.011382" sz="0.013941" x="0.49986" y="0.50016" z="0.00066"/>
            </marker>
            <marker id="1004" label="CP1004">
               <reference enabled="true" sx="0.011382" sy="0.011382" sz="0.01394" x="0.49982" y="-0.5002" z="-0.00066"/>
            </marker>
            <marker id="1003" label="CP1003">
               <reference enabled="true" sx="0.011382" sy="0.011382" sz="0.01394" x="-0.49977" y="-0.50012" z="0.00066"/>
            </marker>
         </markers>
         <frames next_id="1">
            <frame id="0">
               <cameras>
                  <camera camera_id="0">
                     <photo path="images/P8250021.JPG">
                        <meta>
                           <property name="Exif/FocalLength" value="7.4693"/>
                           <property name="Exif/Model" value="Photomodeler imported project camera"/>
                           <property name="File/ImageHeight" value="1704"/>
                           <property name="File/ImageWidth" value="2272"/>
                        </meta>
                     </photo>
                     <thumbnail path="thumb0.jpg"/>
                  </camera>
                  <camera camera_id="1">
                     <photo path="images/P8250022.JPG">
                        <meta>
                           <property name="Exif/FocalLength" value="7.4693"/>
                           <property name="Exif/Model" value="Photomodeler imported project camera"/>
                           <property name="File/ImageHeight" value="1704"/>
                           <property name="File/ImageWidth" value="2272"/>
                        </meta>
                     </photo>
                     <thumbnail path="thumb1.jpg"/>
                  </camera>
                  <camera camera_id="2">
                     <photo path="images/P8250023.JPG">
                        <meta>
                           <property name="Exif/FocalLength" value="7.4693"/>
                           <property name="Exif/Model" value="Photomodeler imported project camera"/>
                           <property name="File/ImageHeight" value="1704"/>
                           <property name="File/ImageWidth" value="2272"/>
                        </meta>
                     </photo>
                     <thumbnail path="thumb2.jpg"/>
                  </camera>
                  <camera camera_id="3">
                     <photo path="images/P8250024.JPG">
                        <meta>
                           <property name="Exif/FocalLength" value="7.4693"/>
                           <property name="Exif/Model" value="Photomodeler imported project camera"/>
                           <property name="File/ImageHeight" value="1704"/>
                           <property name="File/ImageWidth" value="2272"/>
                        </meta>
                     </photo>
                     <thumbnail path="thumb3.jpg"/>
                  </camera>
               </cameras>
               <markers>
                  <marker marker_id="1001">
                     <location camera_id="0" pinned="true" x="1813.4284" y="1266.2367"/>
                     <location camera_id="1" pinned="true" x="823.1854" y="1457.4089"/>
                     <location camera_id="2" pinned="true" x="1096.8101" y="1314.4172"/>
                     <location camera_id="3" pinned="true" x="541.1743" y="809.349"/>
                  </marker>
                  <marker marker_id="1002">
                     <location camera_id="0" pinned="true" x="428.5563" y="1255.3326"/>
                     <location camera_id="1" pinned="true" x="825.0757" y="262.5869"/>
                     <location camera_id="2" pinned="true" x="392.3871" y="640.7924"/>
                     <location camera_id="3" pinned="true" x="1236.4396" y="146.8528"/>
                  </marker>
                  <marker marker_id="1004">
                     <location camera_id="0" pinned="true" x="635.6057" y="362.5516"/>
                     <location camera_id="1" pinned="true" x="1588.2811" y="417.0251"/>
                     <location camera_id="2" pinned="true" x="1136.7921" y="172.0244"/>
                     <location camera_id="3" pinned="true" x="1663.0097" y="891.9939"/>
                  </marker>
                  <marker marker_id="1003">
                     <location camera_id="0" pinned="true" x="1641.6407" y="360.4757"/>
                     <location camera_id="1" pinned="true" x="1594.8842" y="1314.6596"/>
                     <location camera_id="2" pinned="true" x="1875.1542" y="611.3214"/>
                     <location camera_id="3" pinned="true" x="1196.184" y="1595.2398"/>
                  </marker>
               </markers>
               <point_cloud>
                  <tracks path="tracks0.ply"/>
                  <points path="points0.ply"/>
                  <projections camera_id="0" path="projections0.ply"/>
                  <projections camera_id="1" path="projections1.ply"/>
                  <projections camera_id="2" path="projections2.ply"/>
                  <projections camera_id="3" path="projections3.ply"/>
               </point_cloud>
            </frame>
         </frames>
         <transform>
            <rotation>1 0 0 0 1 0 0 0 1</rotation>
            <translation>0 0 0</translation>
            <scale>1</scale>
         </transform>
         <region>
            <center>-1.0000000000010001e-05 7.9999999999968985e-05 6.3500000000000015e-04 </center>
            <size>1.2852800000000002e+00 1.2862600000000000e+00 6.7700000000000000e-03 </size>
            <R>1 0 0 0 1 0 0 0 1</R>
         </region>
      </chunk>
   </chunks>
</document>