<?xml version="1.0" encoding="utf-8"?>
<document version="1.2.0">
   <chunks next_id="1">
      <chunk enabled="true" id="0" label="Chunk 1 (imported)">
         <sensors next_id="1">
            <sensor id="0" label="Photomodeler imported project camera" type="frame">
               <resolution height="3456" width="5184"/>
               <property name="pixel_width" value="0.004372974537037037"/>
               <property name="pixel_height" value="0.004372974537037037"/>
               <property name="focal_length" value="20.9324"/>
               <property name="fixed" value="true"/>
               <bands>
                  <band label="Red"/>
                  <band label="Green"/>
                  <band label="Blue"/>
               </bands>
               <calibration class="initial" type="frame">
                  <resolution height="3456" width="5184"/>
                  <fx>4786.7646661814333129</fx>
                  <fy>4786.7646661814333129</fy>
                  <cx>2582.9786806061006246</cx>
                  <cy>1719.8362204724410276</cy>
               </calibration>
            </sensor>
         </sensors>
         <cameras next_group_id="0" next_id="20">
            <camera enabled="true" id="0" label="IMG_0369.JPG" sensor_id="0">
               <transform>9.9992442616562183e-01 1.1972625930670137e-02 2.7925231737424877e-03 5.2500000000000002e-01 -7.9932523374827841e-03 8.0571464194463505e-01 -5.9224996722085010e-01 -5.6299999999999994e-01 -9.3407641240409126e-03 5.9218288727753099e-01 8.0574945121993480e-01 1.2710000000000001e+00 0.0000000000000000e+00 0.0000000000000000e+00 0.0000000000000000e+00 1.0000000000000000e+00 </transform>
               <orientation>1</orientation>
            </camera>
            <camera enabled="true" id="1" label="IMG_0370.JPG" sensor_id="0">
               <transform>2.2284828416565022e-02 -9.9891616323665200e-01 4.0864229431265664e-02 5.5800000000000016e-01 8.7251994134229083e-01 -5.2198113863248866e-04 -4.8857822249434779e-01 -6.7400000000000004e-01 4.8807001381204501e-01 4.6542736922722705e-02 8.7156263989299843e-01 1.4030000000000000e+00 0.0000000000000000e+00 0.0000000000000000e+00 0.0000000000000000e+00 1.0000000000000000e+00 </transform>
               <orientation>1</orientation>
            </camera>
            <camera enabled="true" id="2" label="IMG_0371.JPG" sensor_id="0">
               <transform>6.5368163074047647e-01 5.9133091118450176e-01 -4.7225848759993533e-01 -4.2400000000000021e-01 -7.5676948035910507e-01 5.1034326428759180e-01 -4.0847240566933685e-01 -4.1200000000000003e-01 -5.2842168890221419e-04 6.2440171850659731e-01 7.8110320361430252e-01 1.3259999999999998e+00 0.0000000000000000e+00 0.0000000000000000e+00 0.0000000000000000e+00 1.0000000000000000e+00 </transform>
               <orientation>1</orientation>
            </camera>
            <camera enabled="true" id="3" label="IMG_0372.JPG" sensor_id="0">
               <transform>6.1947527517760359e-01 -6.7791283428121130e-01 -3.9583402147926511e-01 -4.8500000000000004e-01 5.2738582613343399e-01 7.3289020130498073e-01 -4.2980942663545713e-01 -5.5400000000000016e-01 5.8147620229652364e-01 5.7499060409366143e-02 8.1152897928222656e-01 1.7320000000000002e+00 0.0000000000000000e+00 0.0000000000000000e+00 0.0000000000000000e+00 1.0000000000000000e+00 </transform>
               <orientation>1</orientation>
            </camera>
            <camera enabled="true" id="4" label="IMG_0373.JPG" sensor_id="0">
               <transform>3.0202994016263768e-03 8.5246149989689601e-01 -5.2278128216784803e-01 -4.4600000000000012e-01 -9.9995626922255376e-01 7.2016974731380773e-03 5.9661709677817755e-03 5.0500000000000000e-01 8.8508436906286434e-03 5.2274040091334040e-01 8.5244597237533126e-01 1.3230000000000000e+00 0.0000000000000000e+00 0.0000000000000000e+00 0.0000000000000000e+00 1.0000000000000000e+00 </transform>
               <orientation>1</orientation>
            </camera>
            <camera enabled="true" id="5" label="IMG_0374.JPG" sensor_id="0">
               <transform>9.1067831365018304e-01 -7.0095401558446365e-03 -4.1305674597331321e-01 -4.9599999999999989e-01 9.3406714563452724e-04 9.9988842343511297e-01 -1.4908661878646529e-02 4.7999999999999998e-01 4.1311516138460236e-01 1.3191172322730219e-02 9.1058325067339430e-01 1.5449999999999999e+00 0.0000000000000000e+00 0.0000000000000000e+00 0.0000000000000000e+00 1.0000000000000000e+00 </transform>
               <orientation>1</orientation>
            </camera>
            <camera enabled="true" id="6" label="IMG_0375.JPG" sensor_id="0">
               <transform>-7.3751565300418820e-01 5.4467783285454685e-01 -3.9924518778650314e-01 -2.9499999999999987e-01 -6.7531235755436969e-01 -5.9053922211396670e-01 4.4183327950641088e-01 1.3770000000000000e+00 4.8868505363830472e-03 5.9547416866049319e-01 8.0335959143457647e-01 1.3209999999999997e+00 0.0000000000000000e+00 0.0000000000000000e+00 0.0000000000000000e+00 1.0000000000000000e+00 </transform>
               <orientation>1</orientation>
            </camera>
            <camera enabled="true" id="7" label="IMG_0376.JPG" sensor_id="0">
               <transform>5.3895184983528810e-01 7.5205098846446272e-01 -3.7940771514130506e-01 -4.5700000000000007e-01 -6.5550592814877917e-01 6.5733083501780687e-01 3.7179046719435976e-01 1.4079999999999997e+00 5.2900177856121489e-01 4.8326846414982638e-02 8.4724355069522594e-01 1.7350000000000001e+00 0.0000000000000000e+00 0.0000000000000000e+00 0.0000000000000000e+00 1.0000000000000000e+00 </transform>
               <orientation>1</orientation>
            </camera>
            <camera enabled="true" id="8" label="IMG_0377.JPG" sensor_id="0">
               <transform>-9.9907561610960538e-01 -9.3291511880375724e-03 4.1962843484723650e-02 5.3700000000000014e-01 3.2813392946595202e-02 -7.9612103364766829e-01 6.0424711917153651e-01 1.5780000000000001e+00 2.7770389600166090e-02 6.0506550614117738e-01 7.9569123329315106e-01 1.2560000000000002e+00 0.0000000000000000e+00 0.0000000000000000e+00 0.0000000000000000e+00 1.0000000000000000e+00 </transform>
               <orientation>1</orientation>
            </camera>
            <camera enabled="true" id="9" label="IMG_0378.JPG" sensor_id="0">
               <transform>-2.0279169419483999e-02 9.9978615696020701e-01 4.0491527998043576e-03 5.1600000000000001e-01 -8.9121347368848403e-01 -1.9912187858050434e-02 4.5314682950541740e-01 1.5509999999999999e+00 4.5313055470113905e-01 5.5807817952332993e-03 8.9142669652125173e-01 1.4879999999999998e+00 0.0000000000000000e+00 0.0000000000000000e+00 0.0000000000000000e+00 1.0000000000000000e+00 </transform>
               <orientation>1</orientation>
            </camera>
            <camera enabled="true" id="10" label="IMG_0379.JPG" sensor_id="0">
               <transform>-6.7232595142916907e-01 -5.8216111531381320e-01 4.5723763061611572e-01 1.3940000000000001e+00 7.4015508659528706e-01 -5.3882778619661820e-01 4.0228729113604222e-01 1.3120000000000003e+00 1.2176322186337685e-02 6.0889494384419773e-01 7.9315741472861856e-01 1.3390000000000002e+00 0.0000000000000000e+00 0.0000000000000000e+00 0.0000000000000000e+00 1.0000000000000000e+00 </transform>
               <orientation>1</orientation>
            </camera>
            <camera enabled="true" id="11" label="IMG_0380.JPG" sensor_id="0">
               <transform>-5.8944508259062911e-01 7.0053430037158304e-01 4.0225139976465346e-01 1.4560000000000000e+00 -5.7492251262384730e-01 -7.1360333759693462e-01 4.0029286909561296e-01 1.4399999999999999e+00 5.6746682642072444e-01 4.6872778253492231e-03 8.2338291841559330e-01 1.7160000000000002e+00 0.0000000000000000e+00 0.0000000000000000e+00 0.0000000000000000e+00 1.0000000000000000e+00 </transform>
               <orientation>1</orientation>
            </camera>
            <camera enabled="true" id="12" label="IMG_0381.JPG" sensor_id="0">
               <transform>1.5556561202659953e-02 -8.2520345723283506e-01 5.6462133113665147e-01 1.5040000000000000e+00 9.9970621108747004e-01 2.3393792968981544e-03 -2.4125066168613301e-02 4.6099999999999997e-01 1.8587224555662449e-02 5.6483075471815580e-01 8.2499741430372719e-01 1.2700000000000002e+00 0.0000000000000000e+00 0.0000000000000000e+00 0.0000000000000000e+00 1.0000000000000000e+00 </transform>
               <orientation>1</orientation>
            </camera>
            <camera enabled="true" id="13" label="IMG_0382.JPG" sensor_id="0">
               <transform>-8.9316189492750075e-01 1.3859391677281240e-02 4.4952168658681191e-01 1.5399999999999998e+00 1.2721871786973867e-02 -9.9834647529504572e-01 5.6057731350763272e-02 5.8699999999999997e-01 4.4955531742795796e-01 5.5787386820806140e-02 8.9150871226475059e-01 1.4550000000000001e+00 0.0000000000000000e+00 0.0000000000000000e+00 0.0000000000000000e+00 1.0000000000000000e+00 </transform>
               <orientation>1</orientation>
            </camera>
            <camera enabled="true" id="14" label="IMG_0383.JPG" sensor_id="0">
               <transform>7.2777061039472390e-01 -5.4242397769346773e-01 4.1967388180453558e-01 1.3530000000000000e+00 6.8581673455336323e-01 5.7353657684241655e-01 -4.4800803746187956e-01 -3.9700000000000002e-01 2.3119801583747490e-03 6.1386645408189522e-01 7.8940650573748616e-01 1.2889999999999999e+00 0.0000000000000000e+00 0.0000000000000000e+00 0.0000000000000000e+00 1.0000000000000000e+00 </transform>
               <orientation>1</orientation>
            </camera>
            <camera enabled="true" id="15" label="IMG_0384.JPG" sensor_id="0">
               <transform>-5.4940774088683608e-01 -7.2208925596125184e-01 4.2040247463466351e-01 1.5079999999999998e+00 6.1060073944468807e-01 -6.9042623301257910e-01 -3.8791539510266920e-01 -4.5099999999999985e-01 5.7036643593677849e-01 4.3574340997720340e-02 8.2023375056345427e-01 1.6919999999999997e+00 0.0000000000000000e+00 0.0000000000000000e+00 0.0000000000000000e+00 1.0000000000000000e+00 </transform>
               <orientation>1</orientation>
            </camera>
            <camera enabled="true" id="16" label="IMG_0389.JPG" sensor_id="0">
               <transform>9.9984643614345203e-01 4.1183677994384776e-03 -1.7033589695259713e-02 1.2999999999999998e-01 -4.7497895129547715e-03 9.9929668500171309e-01 -3.7196435906814311e-02 3.8400000000000006e-01 1.6868421112259866e-02 3.7271629844369138e-02 9.9916279052911294e-01 1.9450000000000003e+00 0.0000000000000000e+00 0.0000000000000000e+00 0.0000000000000000e+00 1.0000000000000000e+00 </transform>
               <orientation>1</orientation>
            </camera>
            <camera enabled="true" id="17" label="IMG_0395.JPG" sensor_id="0">
               <transform>9.9870383835008736e-01 1.7571928531292330e-02 -4.7768929153726498e-02 7.1600000000000008e-01 -1.9788806923261133e-02 9.9872975779953022e-01 -4.6338688007385512e-02 3.7400000000000005e-01 4.6893990930144555e-02 4.7223915693037105e-02 9.9778297008981864e-01 1.9189999999999998e+00 0.0000000000000000e+00 0.0000000000000000e+00 0.0000000000000000e+00 1.0000000000000000e+00 </transform>
               <orientation>1</orientation>
            </camera>
            <camera enabled="true" id="18" label="IMG_0397.JPG" sensor_id="0">
               <transform>-6.2478335151587502e-03 9.9991573449077276e-01 -1.1379301127264044e-02 4.7500000000000003e-01 -9.9826960214181015e-01 -6.9021163195185399e-03 -5.8396594335148676e-02 4.7999999999999994e-02 -5.8470214776405106e-02 1.0994758209707457e-02 9.9822860571910643e-01 1.8400000000000003e+00 0.0000000000000000e+00 0.0000000000000000e+00 0.0000000000000000e+00 1.0000000000000000e+00 </transform>
               <orientation>1</orientation>
            </camera>
            <camera enabled="true" id="19" label="IMG_0399.JPG" sensor_id="0">
               <transform>-2.8255990125306302e-02 9.9908490168362618e-01 3.2108538581781546e-02 5.2700000000000014e-01 -9.8806479059869945e-01 -3.2781412759178979e-02 1.5051029385613554e-01 4.9799999999999994e-01 1.5142512539597425e-01 -2.7472499073282333e-02 9.8808688544757128e-01 1.9920000000000000e+00 0.0000000000000000e+00 0.0000000000000000e+00 0.0000000000000000e+00 1.0000000000000000e+00 </transform>
               <orientation>1</orientation>
            </camera>
         </cameras>
         <markers next_id="5">
            <marker id="0" label="CP1">
               <reference enabled="true" sx="1e-06" sy="1e-06" sz="1e-06" x="0" y="1" z="0"/>
            </marker>
            <marker id="1" label="CP2">
               <reference enabled="true" sx="1e-06" sy="1e-06" sz="1e-06" x="1" y="1" z="0"/>
            </marker>
            <marker id="2" label="CP3">
               <reference enabled="true" sx="1e-06" sy="1e-06" sz="1e-06" x="0" y="0" z="0"/>
            </marker>
            <marker id="3" label="CP4">
               <reference enabled="true" sx="1e-06" sy="1e-06" sz="1e-06" x="1" y="0" z="0"/>
            </marker>
         </markers>
         <frames next_id="1">
            <frame id="0">
               <cameras>
                  <camera camera_id="0">
                     <photo path="images/IMG_0369.JPG">
                        <meta>
                           <property name="Exif/FocalLength" value="20.9324"/>
                           <property name="Exif/Model" value="Photomodeler imported project camera"/>
                           <property name="File/ImageHeight" value="3456"/>
                           <property name="File/ImageWidth" value="5184"/>
                        </meta>
                     </photo>
                     <thumbnail path="thumb0.jpg"/>
                  </camera>
                  <camera camera_id="1">
                     <photo path="images/IMG_0370.JPG">
                        <meta>
                           <property name="Exif/FocalLength" value="20.9324"/>
                           <property name="Exif/Model" value="Photomodeler imported project camera"/>
                           <property name="File/ImageHeight" value="3456"/>
                           <property name="File/ImageWidth" value="5184"/>
                        </meta>
                     </photo>
                     <thumbnail path="thumb1.jpg"/>
                  </camera>
                  <camera camera_id="2">
                     <photo path="images/IMG_0371.JPG">
                        <meta>
                           <property name="Exif/FocalLength" value="20.9324"/>
                           <property name="Exif/Model" value="Photomodeler imported project camera"/>
                           <property name="File/ImageHeight" value="3456"/>
                           <property name="File/ImageWidth" value="5184"/>
                        </meta>
                     </photo>
                     <thumbnail path="thumb2.jpg"/>
                  </camera>
                  <camera camera_id="3">
                     <photo path="images/IMG_0372.JPG">
                        <meta>
                           <property name="Exif/FocalLength" value="20.9324"/>
                           <property name="Exif/Model" value="Photomodeler imported project camera"/>
                           <property name="File/ImageHeight" value="3456"/>
                           <property name="File/ImageWidth" value="5184"/>
                        </meta>
                     </photo>
                     <thumbnail path="thumb3.jpg"/>
                  </camera>
                  <camera camera_id="4">
                     <photo path="images/IMG_0373.JPG">
                        <meta>
                           <property name="Exif/FocalLength" value="20.9324"/>
                           <property name="Exif/Model" value="Photomodeler imported project camera"/>
                           <property name="File/ImageHeight" value="3456"/>
                           <property name="File/ImageWidth" value="5184"/>
                        </meta>
                     </photo>
                     <thumbnail path="thumb4.jpg"/>
                  </camera>
                  <camera camera_id="5">
                     <photo path="images/IMG_0374.JPG">
                        <meta>
                           <property name="Exif/FocalLength" value="20.9324"/>
                           <property name="Exif/Model" value="Photomodeler imported project camera"/>
                           <property name="File/ImageHeight" value="3456"/>
                           <property name="File/ImageWidth" value="5184"/>
                        </meta>
                     </photo>
                     <thumbnail path="thumb5.jpg"/>
                  </camera>
                  <camera camera_id="6">
                     <photo path="images/IMG_0375.JPG">
                        <meta>
                           <property name="Exif/FocalLength" value="20.9324"/>
                           <property name="Exif/Model" value="Photomodeler imported project camera"/>
                           <property name="File/ImageHeight" value="3456"/>
                           <property name="File/ImageWidth" value="5184"/>
                        </meta>
                     </photo>
                     <thumbnail path="thumb6.jpg"/>
                  </camera>
                  <camera camera_id="7">
                     <photo path="images/IMG_0376.JPG">
                        <meta>
                           <property name="Exif/FocalLength" value="20.9324"/>
                           <property name="Exif/Model" value="Photomodeler imported project camera"/>
                           <property name="File/ImageHeight" value="3456"/>
                           <property name="File/ImageWidth" value="5184"/>
                        </meta>
                     </photo>
                     <thumbnail path="thumb7.jpg"/>
                  </camera>
                  <camera camera_id="8">
                     <photo path="images/IMG_0377.JPG">
                        <meta>
                           <property name="Exif/FocalLength" value="20.9324"/>
                           <property name="Exif/Model" value="Photomodeler imported project camera"/>
                           <property name="File/ImageHeight" value="3456"/>
                           <property name="File/ImageWidth" value="5184"/>
                        </meta>
                     </photo>
                     <thumbnail path="thumb8.jpg"/>
                  </camera>
                  <camera camera_id="9">
                     <photo path="images/IMG_0378.JPG">
                        <meta>
                           <property name="Exif/FocalLength" value="20.9324"/>
                           <property name="Exif/Model" value="Photomodeler imported project camera"/>
                           <property name="File/ImageHeight" value="3456"/>
                           <property name="File/ImageWidth" value="5184"/>
                        </meta>
                     </photo>
                     <thumbnail path="thumb9.jpg"/>
                  </camera>
                  <camera camera_id="10">
                     <photo path="images/IMG_0379.JPG">
                        <meta>
                           <property name="Exif/FocalLength" value="20.9324"/>
                           <property name="Exif/Model" value="Photomodeler imported project camera"/>
                           <property name="File/ImageHeight" value="3456"/>
                           <property name="File/ImageWidth" value="5184"/>
                        </meta>
                     </photo>
                     <thumbnail path="thumb10.jpg"/>
                  </camera>
                  <camera camera_id="11">
                     <photo path="images/IMG_0380.JPG">
                        <meta>
                           <property name="Exif/FocalLength" value="20.9324"/>
                           <property name="Exif/Model" value="Photomodeler imported project camera"/>
                           <property name="File/ImageHeight" value="3456"/>
                           <property name="File/ImageWidth" value="5184"/>
                        </meta>
                     </photo>
                     <thumbnail path="thumb11.jpg"/>
                  </camera>
                  <camera camera_id="12">
                     <photo path="images/IMG_0381.JPG">
                        <meta>
                           <property name="Exif/FocalLength" value="20.9324"/>
                           <property name="Exif/Model" value="Photomodeler imported project camera"/>
                           <property name="File/ImageHeight" value="3456"/>
                           <property name="File/ImageWidth" value="5184"/>
                        </meta>
                     </photo>
                     <thumbnail path="thumb12.jpg"/>
                  </camera>
                  <camera camera_id="13">
                     <photo path="images/IMG_0382.JPG">
                        <meta>
                           <property name="Exif/FocalLength" value="20.9324"/>
                           <property name="Exif/Model" value="Photomodeler imported project camera"/>
                           <property name="File/ImageHeight" value="3456"/>
                           <property name="File/ImageWidth" value="5184"/>
                        </meta>
                     </photo>
                     <thumbnail path="thumb13.jpg"/>
                  </camera>
                  <camera camera_id="14">
                     <photo path="images/IMG_0383.JPG">
                        <meta>
                           <property name="Exif/FocalLength" value="20.9324"/>
                           <property name="Exif/Model" value="Photomodeler imported project camera"/>
                           <property name="File/ImageHeight" value="3456"/>
                           <property name="File/ImageWidth" value="5184"/>
                        </meta>
                     </photo>
                     <thumbnail path="thumb14.jpg"/>
                  </camera>
                  <camera camera_id="15">
                     <photo path="images/IMG_0384.JPG">
                        <meta>
                           <property name="Exif/FocalLength" value="20.9324"/>
                           <property name="Exif/Model" value="Photomodeler imported project camera"/>
                           <property name="File/ImageHeight" value="3456"/>
                           <property name="File/ImageWidth" value="5184"/>
                        </meta>
                     </photo>
                     <thumbnail path="thumb15.jpg"/>
                  </camera>
                  <camera camera_id="16">
                     <photo path="images/IMG_0389.JPG">
                        <meta>
                           <property name="Exif/FocalLength" value="20.9324"/>
                           <property name="Exif/Model" value="Photomodeler imported project camera"/>
                           <property name="File/ImageHeight" value="3456"/>
                           <property name="File/ImageWidth" value="5184"/>
                        </meta>
                     </photo>
                     <thumbnail path="thumb16.jpg"/>
                  </camera>
                  <camera camera_id="17">
                     <photo path="images/IMG_0395.JPG">
                        <meta>
                           <property name="Exif/FocalLength" value="20.9324"/>
                           <property name="Exif/Model" value="Photomodeler imported project camera"/>
                           <property name="File/ImageHeight" value="3456"/>
                           <property name="File/ImageWidth" value="5184"/>
                        </meta>
                     </photo>
                     <thumbnail path="thumb17.jpg"/>
                  </camera>
                  <camera camera_id="18">
                     <photo path="images/IMG_0397.JPG">
                        <meta>
                           <property name="Exif/FocalLength" value="20.9324"/>
                           <property name="Exif/Model" value="Photomodeler imported project camera"/>
                           <property name="File/ImageHeight" value="3456"/>
                           <property name="File/ImageWidth" value="5184"/>
                        </meta>
                     </photo>
                     <thumbnail path="thumb18.jpg"/>
                  </camera>
                  <camera camera_id="19">
                     <photo path="images/IMG_0399.JPG">
                        <meta>
                           <property name="Exif/FocalLength" value="20.9324"/>
                           <property name="Exif/Model" value="Photomodeler imported project camera"/>
                           <property name="File/ImageHeight" value="3456"/>
                           <property name="File/ImageWidth" value="5184"/>
                        </meta>
                     </photo>
                     <thumbnail path="thumb19.jpg"/>
                  </camera>
               </cameras>
               <markers>
                  <marker marker_id="0">
                     <location camera_id="0" pinned="true" x="1315.3486" y="505.9139"/>
                     <location camera_id="1" pinned="true" x="4325.4495" y="604.7354"/>
                     <location camera_id="2" pinned="true" x="531.7147" y="1344.5886"/>
                     <location camera_id="3" pinned="true" x="2822.6456" y="235.7212"/>
                     <location camera_id="4" pinned="true" x="825.8006" y="2782.3428"/>
                     <location camera_id="5" pinned="true" x="2043.1003" y="264.9518"/>
                     <location camera_id="6" pinned="true" x="2680.3014" y="3145.3317"/>
                     <location camera_id="7" pinned="true" x="1509.0961" y="1735.8775"/>
                     <location camera_id="8" pinned="true" x="4237.6145" y="2742.7234"/>
                     <location camera_id="9" pinned="true" x="2056.5136" y="3256.461"/>
                     <location camera_id="10" pinned="true" x="4371.4499" y="1300.8675"/>
                     <location camera_id="11" pinned="true" x="2876.5345" y="3278.3396"/>
                     <location camera_id="12" pinned="true" x="3805.6628" y="425.3209"/>
                     <location camera_id="13" pinned="true" x="4317.6319" y="2957.8158"/>
                     <location camera_id="14" pinned="true" x="2524.8296" y="128.8365"/>
                     <location camera_id="15" pinned="true" x="3958.5693" y="1700.4635"/>
                     <location camera_id="16" pinned="true" x="2188.1081" y="404.257"/>
                     <location camera_id="17" pinned="true" x="580.3368" y="433.4169"/>
                     <location camera_id="18" pinned="true" x="490.6943" y="2961.2444"/>
                     <location camera_id="19" pinned="true" x="651.3557" y="2917.466"/>
                  </marker>
                  <marker marker_id="1">
                     <location camera_id="0" pinned="true" x="3730.0744" y="471.0157"/>
                     <location camera_id="1" pinned="true" x="4413.5956" y="2894.5105"/>
                     <location camera_id="2" pinned="true" x="2293.3144" y="194.714"/>
                     <location camera_id="3" pinned="true" x="3891.88" y="1657.4244"/>
                     <location camera_id="4" pinned="true" x="1314.9742" y="353.6514"/>
                     <location camera_id="5" pinned="true" x="4260.3955" y="580.5068"/>
                     <location camera_id="6" pinned="true" x="666.5871" y="1341.7859"/>
                     <location camera_id="7" pinned="true" x="2873.4778" y="98.5561"/>
                     <location camera_id="8" pinned="true" x="755.6919" y="2802.8322"/>
                     <location camera_id="9" pinned="true" x="1996.1661" y="259.1941"/>
                     <location camera_id="10" pinned="true" x="2654.351" y="3166.4596"/>
                     <location camera_id="11" pinned="true" x="1370.343" y="1764.4974"/>
                     <location camera_id="12" pinned="true" x="4364.791" y="2761.4434"/>
                     <location camera_id="13" pinned="true" x="2070.2502" y="3290.2135"/>
                     <location camera_id="14" pinned="true" x="4418.5713" y="1183.2355"/>
                     <location camera_id="15" pinned="true" x="3026.8548" y="3268.9846"/>
                     <location camera_id="16" pinned="true" x="4554.1272" y="419.2492"/>
                     <location camera_id="17" pinned="true" x="3018.7778" y="406.5488"/>
                     <location camera_id="18" pinned="true" x="485.1895" y="492.8613"/>
                     <location camera_id="19" pinned="true" x="549.7387" y="449.2888"/>
                  </marker>
                  <marker marker_id="2">
                     <location camera_id="0" pinned="true" x="792.4723" y="2782.259"/>
                     <location camera_id="1" pinned="true" x="2251.3535" y="242.5736"/>
                     <location camera_id="2" pinned="true" x="2477.8772" y="2959.0607"/>
                     <location camera_id="3" pinned="true" x="1510.421" y="1785.8411"/>
                     <location camera_id="4" pinned="true" x="4296.7727" y="2798.4115"/>
                     <location camera_id="5" pinned="true" x="2038.0844" y="3212.0923"/>
                     <location camera_id="6" pinned="true" x="4442.0525" y="1218.2132"/>
                     <location camera_id="7" pinned="true" x="3139.7889" y="3174.5442"/>
                     <location camera_id="8" pinned="true" x="3655.3328" y="512.8122"/>
                     <location camera_id="9" pinned="true" x="4253.7786" y="2859.5988"/>
                     <location camera_id="10" pinned="true" x="2470.7373" y="219.8672"/>
                     <location camera_id="11" pinned="true" x="3899.2876" y="1716.4916"/>
                     <location camera_id="12" pinned="true" x="1304.2324" y="410.2557"/>
                     <location camera_id="13" pinned="true" x="4245.812" y="587.6659"/>
                     <location camera_id="14" pinned="true" x="665.1634" y="1267.6957"/>
                     <location camera_id="15" pinned="true" x="2880.3006" y="199.5711"/>
                     <location camera_id="16" pinned="true" x="2191.1315" y="2853.2517"/>
                     <location camera_id="17" pinned="true" x="577.4416" y="2928.8932"/>
                     <location camera_id="18" pinned="true" x="2999.4106" y="3000.6166"/>
                     <location camera_id="19" pinned="true" x="3062.8656" y="2768.3632"/>
                  </marker>
                  <marker marker_id="3">
                     <location camera_id="0" pinned="true" x="4255.5074" y="2748.4557"/>
                     <location camera_id="1" pinned="true" x="2307.0913" y="3281.3478"/>
                     <location camera_id="2" pinned="true" x="4149.4005" y="1161.4389"/>
                     <location camera_id="3" pinned="true" x="3012.9846" y="3210.1166"/>
                     <location camera_id="4" pinned="true" x="3834.8521" y="379.9538"/>
                     <location camera_id="5" pinned="true" x="4266.8369" y="2917.3545"/>
                     <location camera_id="6" pinned="true" x="2519.9894" y="135.9812"/>
                     <location camera_id="7" pinned="true" x="4054.9943" y="1564.8495"/>
                     <location camera_id="8" pinned="true" x="1245.1369" y="515.8275"/>
                     <location camera_id="9" pinned="true" x="4207.0711" y="549.1335"/>
                     <location camera_id="10" pinned="true" x="660.0809" y="1392.5718"/>
                     <location camera_id="11" pinned="true" x="2854.4281" y="195.3877"/>
                     <location camera_id="12" pinned="true" x="822.4708" y="2792.7259"/>
                     <location camera_id="13" pinned="true" x="2047.5774" y="218.3071"/>
                     <location camera_id="14" pinned="true" x="2616.1876" y="3039.1849"/>
                     <location camera_id="15" pinned="true" x="1480.6704" y="1761.7305"/>
                     <location camera_id="16" pinned="true" x="4603.6275" y="2818.876"/>
                     <location camera_id="17" pinned="true" x="3079.0223" y="2868.683"/>
                     <location camera_id="18" pinned="true" x="2981.5314" y="420.4929"/>
                     <location camera_id="19" pinned="true" x="3002.7337" y="453.4896"/>
                  </marker>
               </markers>
               <point_cloud>
                  <tracks path="tracks0.ply"/>
                  <points path="points0.ply"/>
                  <projections camera_id="0" path="projections0.ply"/>
                  <projections camera_id="1" path="projections1.ply"/>
                  <projections camera_id="2" path="projections2.ply"/>
                  <projections camera_id="3" path="projections3.ply"/>
                  <projections camera_id="4" path="projections4.ply"/>
                  <projections camera_id="5" path="projections5.ply"/>
                  <projections camera_id="6" path="projections6.ply"/>
                  <projections camera_id="7" path="projections7.ply"/>
                  <projections camera_id="8" path="projections8.ply"/>
                  <projections camera_id="9" path="projections9.ply"/>
                  <projections camera_id="10" path="projections10.ply"/>
                  <projections camera_id="11" path="projections11.ply"/>
                  <projections camera_id="12" path="projections12.ply"/>
                  <projections camera_id="13" path="projections13.ply"/>
                  <projections camera_id="14" path="projections14.ply"/>
                  <projections camera_id="15" path="projections15.ply"/>
                  <projections camera_id="16" path="projections16.ply"/>
                  <projections camera_id="17" path="projections17.ply"/>
                  <projections camera_id="18" path="projections18.ply"/>
                  <projections camera_id="19" path="projections19.ply"/>
               </point_cloud>
            </frame>
         </frames>
         <transform>
            <rotation>1 0 0 0 1 0 0 0 1</rotation>
            <translation>0 0 0</translation>
            <scale>1</scale>
         </transform>
         <region>
            <center>5.0000000000000000e-01 4.9997000000000003e-01 -2.5000000000000066e-05 </center>
            <size>1.2806600000000001e+00 1.2912200000000000e+00 1.0000000000000000e-02 </size>
            <R>1 0 0 0 1 0 0 0 1</R>
         </region>
      </chunk>
   </chunks>
</document>