<?xml version="1.0" encoding="UTF-8"?>
<document version="1.2.0">
  <chunks next_id="1">
    <chunk id="0" label="Chunk 1" enabled="true">
      <sensors next_id="1">
        <sensor id="0" label="unknown" type="frame">
          <resolution width="8858" height="12996"/>
          <property name="pixel_width" value="0.0060000000000000001"/>
          <property name="pixel_height" value="0.0060000000000000001"/>
          <property name="focal_length" value="123.9392"/>
          <property name="fixed" value="true"/>
          <bands>
            <band label="Red"/>
            <band label="Green"/>
            <band label="Blue"/>
          </bands>
          <calibration type="frame" class="initial">
            <resolution width="8858" height="12996"/>
            <fx>20656.5</fx>
            <fy>20656.5</fy>
            <cx>4430</cx>
            <cy>6468</cy>
          </calibration>
          <covariance>
            <params>f cx cy</params>
            <coeffs>1.2284007425575129e+05 -1.7497545301937223e+03 -8.3850460096238817e+02 -1.7497545301937232e+03 2.8602893172529910e+01 1.2185950039802783e+01 -8.3850460096238862e+02 1.2185950039802801e+01 1.6463974880031181e+01</coeffs>
          </covariance>
        </sensor>
      </sensors>
      <cameras next_id="5" next_group_id="0">
        <camera id="0" label="8811.jpg" sensor_id="0" enabled="true">
          <transform>-9.9888115516762821e-01 4.4424347837204135e-02 1.6214659115249306e-02 -1.1393077796747275e+00 -4.4268147445830040e-02 -9.9897094243221318e-01 9.8685002817096093e-03 -1.9872737869343942e+00 1.6636374986723889e-02 9.1396660406684316e-03 9.9981983253582585e-01 6.5637979522027027e-03 0.0000000000000000e+00 0.0000000000000000e+00 0.0000000000000000e+00 1.0000000000000000e+00</transform>
          <orientation>3</orientation>
        </camera>
        <camera id="1" label="8936.jpg" sensor_id="0" enabled="true">
          <transform>9.9999999440139220e-01 -1.0458523025260690e-04 -1.6097987610125765e-05 7.5935219806378147e-03 1.0462357361779114e-04 9.9999711310089101e-01 2.4005923834600081e-03 -7.7734026995956024e-03 1.5846874629692859e-05 -2.4005940542490248e-03 9.9999711844438000e-01 2.8093232550745125e-04 0.0000000000000000e+00 0.0000000000000000e+00 0.0000000000000000e+00 1.0000000000000000e+00</transform>
          <orientation>1</orientation>
        </camera>
        <camera id="2" label="8937.jpg" sensor_id="0" enabled="true">
          <transform>9.9952197927166708e-01 3.0907504763969723e-02 -7.3423573490733981e-04 -9.9496608006384057e-01 -3.0905554851658495e-02 9.9951909916491988e-01 2.5331963718079769e-03 1.8099667121800396e-02 8.1217741925900303e-04 -2.5092934886540882e-03 9.9999652190096511e-01 3.1308890382900273e-02 0.0000000000000000e+00 0.0000000000000000e+00 0.0000000000000000e+00 1.0000000000000000e+00</transform>
          <orientation>1</orientation>
        </camera>
        <camera id="3" label="8938.jpg" sensor_id="0" enabled="true">
          <transform>9.9812043336415279e-01 6.1279502064003434e-02 -6.5048270043865626e-04 -2.0368296505877113e+00 -6.1279605693951265e-02 9.9812062906452848e-01 -1.4057675446845579e-04 5.4763725958556130e-02 6.4064572864182419e-04 1.8017385448459866e-04 9.9999977855519173e-01 5.0151621702885972e-02 0.0000000000000000e+00 0.0000000000000000e+00 0.0000000000000000e+00 1.0000000000000000e+00</transform>
          <orientation>1</orientation>
        </camera>
        <camera id="4" label="9111.jpg" sensor_id="0" enabled="true">
          <transform>-9.9586574886068102e-01 9.0210799228463034e-02 1.0649974118138285e-02 -1.3076726556223850e+00 -9.0137615757872019e-02 -9.9590355649944184e-01 7.1635450196987898e-03 1.9552732589624549e+00 1.1252576222417028e-02 6.1739658506475056e-03 9.9991762744439772e-01 -1.0178336168263147e-01 0.0000000000000000e+00 0.0000000000000000e+00 0.0000000000000000e+00 1.0000000000000000e+00</transform>
          <orientation>3</orientation>
        </camera>
      </cameras>
      <markers next_id="6000">
        <marker id="216" label="216">
          <reference x="-174.92631" y="83.852000000000004" z="-0.37909999999999999" sxy="0.02" sz="0.040000000000000001" enabled="true"/>
        </marker>
        <marker id="305" label="305">
          <reference x="-160.46530999999999" y="110.227" z="-0.86209999999999998" sxy="0.02" sz="0.040000000000000001" enabled="true"/>
        </marker>
        <marker id="309" label="309">
          <reference x="-608.83231000000001" y="431.95699999999999" z="-0.19209999999999999" sxy="0.02" sz="0.040000000000000001" enabled="true"/>
        </marker>
        <marker id="311" label="311">
          <reference x="194.92569" y="216.30199999999999" z="-0.11210000000000001" sxy="0.02" sz="0.040000000000000001" enabled="true"/>
        </marker>
        <marker id="313" label="313">
          <reference x="347.24169000000001" y="-81.498000000000005" z="-1.2921" sxy="0.02" sz="0.040000000000000001" enabled="true"/>
        </marker>
        <marker id="314" label="314">
          <reference x="192.44168999999999" y="-216.05099999999999" z="-0.28210000000000002" sxy="0.02" sz="0.040000000000000001" enabled="true"/>
        </marker>
        <marker id="401" label="401">
          <reference x="354.99369000000002" y="330.56900000000002" z="-1.8221000000000001" sxy="0.02" sz="0.040000000000000001" enabled="true"/>
        </marker>
        <marker id="405" label="405">
          <reference x="680.82369000000006" y="505.22899999999998" z="-0.3821" sxy="0.02" sz="0.040000000000000001" enabled="true"/>
        </marker>
        <marker id="406" label="406">
          <reference x="771.76369" y="14.689" z="0.027900000000000001" sxy="0.02" sz="0.040000000000000001" enabled="true"/>
        </marker>
        <marker id="413" label="413">
          <reference x="-172.57631000000001" y="81.759" z="-0.73209999999999997" sxy="0.02" sz="0.040000000000000001" enabled="true"/>
        </marker>
        <marker id="508" label="508">
          <reference x="795.56569000000002" y="-2.3959999999999999" z="-0.18909999999999999" sxy="0.02" sz="0.040000000000000001" enabled="true"/>
        </marker>
        <marker id="511" label="511">
          <reference x="387.28368999999998" y="413.70699999999999" z="-1.0710999999999999" sxy="0.02" sz="0.040000000000000001" enabled="true"/>
        </marker>
        <marker id="515" label="515">
          <reference x="201.49069" y="-209.529" z="-0.43709999999999999" sxy="0.02" sz="0.040000000000000001" enabled="true"/>
        </marker>
        <marker id="609" label="609">
          <reference x="662.39968999999996" y="416.49599999999998" z="-0.0751" sxy="0.02" sz="0.040000000000000001" enabled="true"/>
        </marker>
        <marker id="610" label="610">
          <reference x="579.95569" y="169.15799999999999" z="-0.67610000000000003" sxy="0.02" sz="0.040000000000000001" enabled="true"/>
        </marker>
        <marker id="5212" label="5212">
          <reference x="722.96069" y="365.29599999999999" z="-0.18809999999999999" sxy="0.02" sz="0.040000000000000001" enabled="true"/>
        </marker>
      </markers>
      <frames next_id="1">
        <frame id="0">
          <cameras>
            <camera camera_id="0">
              <photo path="../../../../../../../../../../scratch/eddie/data/work/research/photo/strasbourg-2013/8811.jpg">
                <meta>
                  <property name="Exif/DateTime" value="2013:08:22 21:12:02"/>
                  <property name="Exif/Orientation" value="1"/>
                  <property name="Exif/Software" value="Adobe Photoshop CS4 Windows"/>
                  <property name="File/ImageHeight" value="12996"/>
                  <property name="File/ImageWidth" value="8858"/>
                  <property name="System/FileModifyDate" value="2013:08:22 21:12:02"/>
                  <property name="System/FileSize" value="25403088"/>
                </meta>
              </photo>
              <thumbnail path="thumb0.jpg"/>
            </camera>
            <camera camera_id="1">
              <photo path="../../../../../../../../../../scratch/eddie/data/work/research/photo/strasbourg-2013/8936.jpg">
                <meta>
                  <property name="Exif/DateTime" value="2013:08:22 21:26:29"/>
                  <property name="Exif/Orientation" value="1"/>
                  <property name="Exif/Software" value="Adobe Photoshop CS4 Windows"/>
                  <property name="File/ImageHeight" value="12996"/>
                  <property name="File/ImageWidth" value="8858"/>
                  <property name="System/FileModifyDate" value="2013:08:22 21:26:29"/>
                  <property name="System/FileSize" value="27706597"/>
                </meta>
              </photo>
              <thumbnail path="thumb1.jpg"/>
            </camera>
            <camera camera_id="2">
              <photo path="../../../../../../../../../../scratch/eddie/data/work/research/photo/strasbourg-2013/8937.jpg">
                <meta>
                  <property name="Exif/DateTime" value="2013:08:22 21:26:36"/>
                  <property name="Exif/Orientation" value="1"/>
                  <property name="Exif/Software" value="Adobe Photoshop CS4 Windows"/>
                  <property name="File/ImageHeight" value="12996"/>
                  <property name="File/ImageWidth" value="8858"/>
                  <property name="System/FileModifyDate" value="2013:08:22 21:26:36"/>
                  <property name="System/FileSize" value="27374576"/>
                </meta>
              </photo>
              <thumbnail path="thumb2.jpg"/>
            </camera>
            <camera camera_id="3">
              <photo path="../../../../../../../../../../scratch/eddie/data/work/research/photo/strasbourg-2013/8938.jpg">
                <meta>
                  <property name="Exif/DateTime" value="2013:08:22 21:26:43"/>
                  <property name="Exif/Orientation" value="1"/>
                  <property name="Exif/Software" value="Adobe Photoshop CS4 Windows"/>
                  <property name="File/ImageHeight" value="12996"/>
                  <property name="File/ImageWidth" value="8858"/>
                  <property name="System/FileModifyDate" value="2013:08:22 21:26:43"/>
                  <property name="System/FileSize" value="27032654"/>
                </meta>
              </photo>
              <thumbnail path="thumb3.jpg"/>
            </camera>
            <camera camera_id="4">
              <photo path="../../../../../../../../../../scratch/eddie/data/work/research/photo/strasbourg-2013/9111.jpg">
                <meta>
                  <property name="Exif/DateTime" value="2013:08:22 21:46:41"/>
                  <property name="Exif/Orientation" value="1"/>
                  <property name="Exif/Software" value="Adobe Photoshop CS4 Windows"/>
                  <property name="File/ImageHeight" value="12996"/>
                  <property name="File/ImageWidth" value="8858"/>
                  <property name="System/FileModifyDate" value="2013:08:22 21:46:41"/>
                  <property name="System/FileSize" value="26530258"/>
                </meta>
              </photo>
              <thumbnail path="thumb4.jpg"/>
            </camera>
          </cameras>
          <markers>
            <marker marker_id="216">
              <location camera_id="0" pinned="true" x="5007.6665" y="7275.6665"/>
              <location camera_id="1" pinned="true" x="1453.6666" y="1012.3333"/>
              <location camera_id="2" pinned="true" x="4060" y="912.33331"/>
              <location camera_id="3" pinned="true" x="6751.9116" y="1015.9611"/>
            </marker>
            <marker marker_id="305">
              <location camera_id="0" pinned="true" x="4700.3506" y="7105.9468"/>
              <location camera_id="2" pinned="true" x="4354.7974" y="1106.0428"/>
              <location camera_id="3" pinned="true" x="7042.5" y="1218.8872"/>
            </marker>
            <marker marker_id="309">
              <location camera_id="0" pinned="true" x="955.13824" y="12311.166"/>
            </marker>
            <marker marker_id="311">
              <location camera_id="0" pinned="true" x="3478.1357" y="2979.2803"/>
              <location camera_id="3" pinned="true" x="7829.6064" y="5477"/>
              <location camera_id="4" pinned="true" x="3661.4468" y="12430.667"/>
            </marker>
            <marker marker_id="313">
              <location camera_id="0" pinned="true" x="6936.7998" y="1211.3865"/>
              <location camera_id="2" pinned="true" x="1672" y="6836"/>
              <location camera_id="3" pinned="true" x="4180.5122" y="6874.6665"/>
              <location camera_id="4" pinned="true" x="7002.7354" y="10531.333"/>
            </marker>
            <marker marker_id="314">
              <location camera_id="0" pinned="true" x="8503.5996" y="3004.5771"/>
              <location camera_id="3" pinned="true" x="2811.5" y="4908.7134"/>
              <location camera_id="4" pinned="true" x="8635.4375" y="12250.739"/>
            </marker>
            <marker marker_id="401">
              <location camera_id="0" pinned="true" x="2158.25" y="1135.5"/>
              <location camera_id="1" pinned="true" x="4039" y="7293.3335"/>
              <location camera_id="2" pinned="true" x="6455.6592" y="7294.8081"/>
            </marker>
            <marker marker_id="405">
              <location camera_id="1" pinned="true" x="5892.0518" y="11172.178"/>
              <location camera_id="2" pinned="true" x="8197.333" y="11243.667"/>
            </marker>
            <marker marker_id="406">
              <location camera_id="1" pinned="true" x="148.66667" y="11965.667"/>
              <location camera_id="2" pinned="true" x="2409.1555" y="11859.132"/>
              <location camera_id="3" pinned="true" x="4767" y="11933.774"/>
              <location camera_id="4" pinned="true" x="5681" y="5699.7754"/>
            </marker>
            <marker marker_id="413">
              <location camera_id="1" pinned="true" x="1431" y="1037"/>
              <location camera_id="2" pinned="true" x="4034.3333" y="937.33331"/>
              <location camera_id="3" pinned="true" x="6726.4346" y="1040.1298"/>
            </marker>
            <marker marker_id="508">
              <location camera_id="2" pinned="true" x="2189.3801" y="12119.379"/>
              <location camera_id="3" pinned="true" x="4537.7295" y="12186.42"/>
              <location camera_id="4" pinned="true" x="5865.9302" y="5420.7603"/>
            </marker>
            <marker marker_id="511">
              <location camera_id="1" pinned="true" x="4984" y="7714.3335"/>
              <location camera_id="2" pinned="true" x="7392.6001" y="7745.8755"/>
              <location camera_id="4" pinned="true" x="1300.7446" y="10316.106"/>
            </marker>
            <marker marker_id="515">
              <location camera_id="3" pinned="true" x="2876.5" y="5020.1089"/>
              <location camera_id="4" pinned="true" x="8556" y="12150.285"/>
            </marker>
            <marker marker_id="609">
              <location camera_id="1" pinned="true" x="4870.8052" y="10911.341"/>
              <location camera_id="2" pinned="true" x="7180.1704" y="10949.792"/>
            </marker>
            <marker marker_id="610">
              <location camera_id="1" pinned="true" x="2043.7778" y="9819.707"/>
              <location camera_id="2" pinned="true" x="4377.0396" y="9766.5068"/>
              <location camera_id="3" pinned="true" x="6803.085" y="9893.667"/>
              <location camera_id="4" pinned="true" x="4005.5166" y="7983.6665"/>
            </marker>
            <marker marker_id="5212">
              <location camera_id="1" pinned="true" x="4245.395" y="11587.655"/>
              <location camera_id="2" pinned="true" x="6530.8989" y="11607.874"/>
              <location camera_id="4" pinned="true" x="1684" y="6440.813"/>
            </marker>
          </markers>
          <point_cloud>
            <tracks path="tracks0.ply"/>
            <points path="points0.ply"/>
            <projections camera_id="0" path="projections0.ply"/>
            <projections camera_id="1" path="projections1.ply"/>
            <projections camera_id="2" path="projections2.ply"/>
            <projections camera_id="3" path="projections3.ply"/>
            <projections camera_id="4" path="projections4.ply"/>
            <meta>
              <property name="match/duration" value="169.720657"/>
              <property name="match/match_downscale" value="0"/>
              <property name="match/match_filter_mask" value="false"/>
              <property name="match/match_point_limit" value="40000"/>
              <property name="match/match_select_pairs" value="0"/>
              <property name="match/match_tiepoint_limit" value="1000"/>
            </meta>
          </point_cloud>
        </frame>
      </frames>
      <transform>
        <rotation>-4.5905730372905212e-02 9.9894356023228614e-01 -2.1041362539445658e-03 9.9894253765706276e-01 4.5900116128427523e-02 -2.6430661483404115e-03 -2.5436938097465225e-03 -2.2232430910550803e-03 -9.9999429338969748e-01</rotation>
        <translation>2.8353048756854571e+02 3.6410103268622663e+02 1.7765929486860582e+03</translation>
        <scale>2.0775255619029085e+02</scale>
      </transform>
      <settings>
        <property name="accuracy_tiepoints" value="1"/>
        <property name="accuracy_cameras" value="10"/>
        <property name="accuracy_cameras_ypr" value="2"/>
        <property name="accuracy_markers" value="0.0050000000000000001"/>
        <property name="accuracy_scalebars" value="0.001"/>
        <property name="accuracy_projections" value="0.10000000000000001"/>
      </settings>
      <meta>
        <property name="align/duration" value="0.129594"/>
      </meta>
    </chunk>
  </chunks>
</document>
